111.210000,	126.661000,	-78.317900,	-23.705900,	NaN,	-130.193000,	-73.572400,	-178.707000,	-129.345000,	-68.699000,	NaN,	-48.871700,	-40.866200,	NaN,	46.668400,	16.941100,	116.700000,	-71.085200,	-26.541600,	-93.099000,	-8.708260,	-14.516100,	270.995000,	29.074000,	NaN,	-24.098200,	-98.524200,	8.470380,	-154.667000,	-152.216000,	28.448000,	-8.293720,	128.651000,	-24.591900,	-13.949600,	-51.371400,	NaN,	-51.654400,	4.973930,	17.547700,	59.271300,	-16.134300,	-84.974700,	-100.757000,	-60.898400,	-61.785400,	-98.567100,	28.390100,	10.283200,	201.348000,	-69.994000,	-47.900300,	31.701500,	-3.031260,	-46.202700,	-52.109000,	NaN,	NaN,	NaN,	-66.901500,	53.549800,	NaN,	31.803300,	13.479100,	46.427000,	-31.138700,	-10.390300,	6.544810,	34.519200,	104.215000,	105.687000,	11.649500,	NaN,	-9.422680,	-68.382900,	4.628970,	-136.831000,	-110.203000,	24.963400,	17.042000,	198.657000,	-86.746900,	8.893760,	-19.197200,	NaN,	-14.743600,	-7.006720,	-1.897900,	-17.899400,	-66.266000,	-40.406000,	-76.217000,	-59.473200,	-59.225300,	-72.974300,	109.755000,	63.209900,	-34.503900,	-42.958800,	88.341500,	16.159600,	-56.307100,	-109.887000,	-62.963800,	-15.290700,	-18.809400,	-61.357400,	-47.244700,	-84.145200,	-81.392900,	17.721100
63.444900,	-54.120500,	-61.995200,	-124.826000,	NaN,	-215.715000,	-94.098500,	-183.290000,	-174.628000,	-77.125200,	NaN,	-89.876900,	-71.810500,	NaN,	-83.145000,	19.571800,	-10.023100,	-96.740400,	-89.353000,	-146.825000,	-139.189000,	-31.654400,	-5.524180,	-64.333500,	NaN,	-67.950000,	-104.385000,	-4.262100,	-151.713000,	-137.257000,	-78.649700,	-71.318600,	-23.839300,	-52.847100,	-20.820400,	-41.428700,	NaN,	-80.144800,	-15.564000,	-89.881000,	-39.747400,	-27.497700,	-89.308500,	-123.933000,	-88.150500,	-54.326200,	-137.096000,	-63.159000,	-77.495800,	24.501900,	-60.996700,	-79.135100,	-27.113000,	-31.641200,	-60.410100,	-86.474400,	NaN,	NaN,	NaN,	-68.457900,	26.719400,	NaN,	-73.759900,	-1.808930,	-17.887100,	-85.096300,	-55.990500,	-45.148200,	-59.744100,	-16.216300,	2.413020,	-114.737000,	NaN,	-66.873800,	-77.495100,	-1.876480,	-139.403000,	-106.356000,	-77.917000,	-56.633700,	46.785200,	-82.176100,	-6.693580,	-18.337500,	NaN,	-103.493000,	-24.774700,	-53.307000,	-120.094000,	-58.807300,	-43.958700,	-84.720800,	-55.985800,	-70.118000,	-96.529600,	-25.545900,	-12.232100,	-84.693900,	-89.058000,	29.147900,	-70.804300,	-50.385800,	-89.475700,	-55.994500,	-29.858600,	-38.306600,	-46.072000,	-50.579600,	-113.816000,	-155.977000,	3.200350
5.959720,	-187.580000,	-47.617000,	-181.734000,	NaN,	-246.976000,	-100.577000,	-154.723000,	-184.432000,	-76.388200,	NaN,	-117.012000,	-94.610300,	NaN,	-182.478000,	19.766800,	-114.497000,	-104.234000,	-122.488000,	-156.709000,	-215.328000,	-35.305200,	-230.180000,	-129.927000,	NaN,	-94.603800,	-84.678200,	-13.089900,	-124.800000,	-101.085000,	-145.777000,	-104.843000,	-152.664000,	-73.563900,	-21.226400,	-14.886700,	NaN,	-84.471500,	-26.600500,	-160.185000,	-116.364000,	-39.864600,	-79.484700,	-122.963000,	-99.870700,	-38.083100,	-151.812000,	-128.257000,	-124.586000,	-113.800000,	-41.741000,	-92.752600,	-64.985900,	-38.252600,	-54.039400,	-92.204300,	NaN,	NaN,	NaN,	-58.731300,	3.872820,	NaN,	-149.390000,	-17.262600,	-68.942800,	-107.061000,	-78.324600,	-59.990400,	-127.291000,	-104.111000,	-84.527700,	-212.271000,	NaN,	-105.321000,	-69.634400,	-2.600470,	-120.808000,	-87.448000,	-148.918000,	-116.281000,	-88.169500,	-61.621300,	-19.769300,	-9.742370,	NaN,	-153.658000,	-36.019100,	-84.756600,	-199.622000,	-44.096200,	-41.820600,	-70.293500,	-44.150700,	-60.403200,	-95.613000,	-133.508000,	-73.193200,	-109.040000,	-110.424000,	-35.817400,	-134.405000,	-39.580500,	-56.215400,	-39.285000,	-38.686100,	-44.836600,	-22.633800,	-42.823100,	-124.291000,	-195.231000,	-11.937400
-40.675400,	-231.950000,	-37.256900,	-176.897000,	NaN,	-229.194000,	-98.157000,	-113.957000,	-155.680000,	-63.291600,	NaN,	-123.938000,	-102.962000,	NaN,	-209.524000,	13.020700,	-155.533000,	-87.350700,	-111.617000,	-119.852000,	-208.983000,	-17.612400,	-332.123000,	-147.759000,	NaN,	-100.115000,	-48.447700,	-9.157540,	-77.000300,	-45.825200,	-137.167000,	-94.399400,	-211.047000,	-75.854900,	-11.298100,	30.894100,	NaN,	-74.000800,	-21.976000,	-164.498000,	-149.934000,	-49.537800,	-56.753400,	-88.393900,	-90.264300,	-12.911500,	-139.767000,	-159.254000,	-124.332000,	-175.779000,	-17.163700,	-86.302300,	-77.159000,	-27.571100,	-34.281500,	-78.325900,	NaN,	NaN,	NaN,	-43.960400,	-13.676300,	NaN,	-163.766000,	-24.143800,	-91.663600,	-91.151500,	-72.920700,	-47.389400,	-142.983000,	-136.923000,	-134.251000,	-243.132000,	NaN,	-121.193000,	-51.800300,	12.031100,	-82.739300,	-53.577000,	-155.581000,	-146.434000,	-165.966000,	-32.387900,	-24.084900,	5.281030,	NaN,	-148.116000,	-40.343300,	-83.822000,	-236.214000,	-25.274100,	-38.705100,	-41.143600,	-28.221500,	-34.488900,	-72.249700,	-186.720000,	-104.503000,	-103.766000,	-102.120000,	-87.784800,	-144.571000,	-23.147400,	-15.734500,	-17.314200,	-33.883500,	-24.296100,	7.724710,	-18.338300,	-110.919000,	-181.888000,	-22.820000
-59.101100,	-210.016000,	-25.314800,	-135.715000,	NaN,	-190.652000,	-88.507900,	-79.773600,	-111.535000,	-39.562200,	NaN,	-105.302000,	-91.056400,	NaN,	-168.330000,	-0.405555,	-134.863000,	-53.686100,	-77.707800,	-71.001900,	-149.725000,	7.661400,	-333.755000,	-130.273000,	NaN,	-95.349000,	-22.686900,	5.082940,	-26.793400,	4.917750,	-60.442000,	-63.122700,	-204.901000,	-56.081900,	5.575240,	76.809800,	NaN,	-72.251700,	-9.937530,	-122.144000,	-148.805000,	-52.655200,	-31.733000,	-37.635700,	-70.465100,	12.321200,	-108.022000,	-168.138000,	-109.223000,	-182.705000,	-1.637760,	-69.502100,	-77.313900,	-16.601200,	-22.710900,	-67.172000,	NaN,	NaN,	NaN,	-33.592400,	-28.221800,	NaN,	-126.866000,	-18.252900,	-91.905100,	-62.024500,	-61.872800,	-50.191900,	-126.443000,	-132.002000,	-153.228000,	-210.238000,	NaN,	-126.566000,	-39.313200,	36.225300,	-41.350300,	-16.372800,	-102.908000,	-150.493000,	-192.937000,	-9.806720,	-19.389600,	18.152100,	NaN,	-118.317000,	-40.386300,	-63.630000,	-225.858000,	-10.792700,	-41.214900,	-20.532300,	-14.882900,	-14.126000,	-46.099200,	-196.759000,	-110.953000,	-82.384100,	-80.424800,	-104.714000,	-99.477500,	-0.699350,	20.985200,	2.164580,	-17.689100,	10.994000,	35.837300,	18.209200,	-81.572500,	-136.169000,	-25.070200
-52.898700,	-169.378000,	-6.771390,	-84.868800,	NaN,	-127.974000,	-55.618300,	-37.986300,	-74.337400,	-10.351300,	NaN,	-60.581300,	-53.438600,	NaN,	-93.266300,	-12.665700,	-85.467100,	-21.366400,	-45.453000,	-42.041900,	-86.570800,	16.148100,	-289.994000,	-88.532600,	NaN,	-79.806900,	-13.434100,	17.519700,	12.750700,	31.552600,	24.408300,	-38.349900,	-177.765000,	-15.310700,	19.712200,	96.705200,	NaN,	-74.139900,	-3.633110,	-67.485800,	-129.634000,	-45.592100,	-7.513090,	0.083790,	-51.400700,	23.762800,	-66.221200,	-156.371000,	-100.423000,	-172.433000,	2.249180,	-46.969100,	-74.385400,	-22.377800,	-26.799300,	-60.886800,	NaN,	NaN,	NaN,	-26.292600,	-41.582700,	NaN,	-76.801600,	-7.747340,	-76.220300,	-47.932700,	-52.371100,	-81.374900,	-106.678000,	-123.479000,	-149.219000,	-138.949000,	NaN,	-120.300000,	-32.701600,	48.516400,	-5.510360,	13.315300,	-39.473100,	-127.973000,	-199.376000,	9.105400,	-11.837700,	22.169700,	NaN,	-92.156300,	-34.645800,	-40.039200,	-170.902000,	-3.110500,	-48.242700,	-19.749400,	-4.101750,	-11.170200,	-31.944700,	-182.194000,	-101.900000,	-49.470500,	-56.037200,	-79.305500,	-34.986600,	22.080500,	44.297900,	14.506500,	-2.167430,	33.988000,	50.195000,	45.880000,	-40.968400,	-79.530900,	-18.783700
-33.643500,	-134.052000,	16.382900,	-33.061400,	NaN,	-33.232000,	6.570010,	22.173800,	-49.964700,	13.667400,	NaN,	-7.325980,	-3.660610,	NaN,	-20.383200,	-16.249500,	-41.014900,	-3.567920,	-19.956600,	-37.172300,	-46.949800,	3.759490,	-227.057000,	-28.507700,	NaN,	-41.668800,	-6.461120,	17.100500,	47.155700,	43.858400,	54.741800,	-27.061700,	-146.386000,	35.071100,	17.096100,	69.411300,	NaN,	-55.236100,	-7.272300,	-26.502600,	-100.199000,	-25.855500,	17.824000,	13.486000,	-36.028000,	13.089100,	-26.783000,	-121.807000,	-90.538200,	-158.067000,	6.756310,	-18.555900,	-62.870900,	-48.486600,	-25.774400,	-39.770700,	NaN,	NaN,	NaN,	-22.191600,	-55.824000,	NaN,	-38.689100,	-1.470460,	-44.788400,	-50.608600,	-32.593900,	-121.117000,	-86.294600,	-131.807000,	-120.603000,	-45.696500,	NaN,	-89.474500,	-21.974700,	32.380700,	30.377700,	34.458600,	-8.605430,	-68.387700,	-192.454000,	33.538000,	-11.570300,	12.550000,	NaN,	-62.237000,	-25.980700,	-16.978000,	-86.165900,	4.556400,	-53.296100,	-29.486700,	1.740110,	-17.191900,	-29.588200,	-145.844000,	-82.376400,	-9.060300,	-28.199600,	-32.454900,	10.672500,	33.489600,	48.919300,	17.818000,	3.832250,	30.464200,	44.446500,	38.570400,	8.467930,	-13.147600,	-7.864720
-18.483300,	-97.299100,	36.314000,	12.865400,	NaN,	63.824900,	64.075500,	79.372400,	-28.797400,	24.974700,	NaN,	28.923800,	27.240900,	NaN,	29.458900,	-12.621800,	-17.058700,	1.808210,	-0.090477,	-40.727500,	-31.535000,	-14.337200,	-154.160000,	30.540300,	NaN,	12.337100,	0.204490,	0.930380,	76.925800,	55.194100,	26.504600,	-19.669100,	-105.303000,	68.651500,	-8.019270,	6.605110,	NaN,	-10.956000,	-11.764600,	-0.939592,	-59.731700,	0.443638,	41.948700,	12.149600,	-21.284600,	-13.190900,	1.232250,	-80.128500,	-67.589800,	-138.688000,	17.944800,	8.666470,	-40.445200,	-79.909600,	-4.549870,	-1.723170,	NaN,	NaN,	NaN,	-19.412600,	-68.455900,	NaN,	-13.311600,	0.847658,	-6.639350,	-56.916800,	-7.243060,	-150.883000,	-58.045700,	-152.282000,	-75.939200,	53.764400,	NaN,	-40.007900,	-7.053440,	-5.526670,	67.226400,	47.428300,	-14.452900,	15.459200,	-164.321000,	55.746500,	-22.111300,	-8.271670,	NaN,	-16.456700,	-21.426800,	3.181390,	1.998460,	16.179700,	-51.664500,	-37.042000,	0.636614,	-23.221900,	-35.196900,	-99.333500,	-58.619900,	25.740900,	2.088390,	4.951500,	25.390200,	27.915900,	33.428200,	11.220500,	0.590878,	12.275000,	20.662300,	-4.388620,	57.664700,	61.719000,	1.202540
-21.866500,	-47.403200,	44.906600,	40.082200,	NaN,	113.567000,	70.014900,	103.591000,	-3.279340,	25.849600,	NaN,	33.750400,	12.471800,	NaN,	44.510400,	-10.711500,	-16.954500,	4.877850,	11.979000,	-34.391500,	-24.794900,	-29.299800,	-87.526000,	59.454200,	NaN,	56.077600,	-2.084010,	-23.025900,	90.351100,	65.674100,	-22.434000,	-11.670800,	-65.897600,	66.770000,	-46.261000,	-48.720300,	NaN,	33.099100,	-10.088400,	15.668500,	-15.966700,	22.126500,	53.709300,	6.263390,	-4.527030,	-36.440000,	16.131100,	-45.897800,	-33.610800,	-114.808000,	30.210200,	24.619700,	-16.372600,	-96.727100,	21.399300,	30.691100,	NaN,	NaN,	NaN,	-9.900670,	-72.731400,	NaN,	-0.248019,	2.476160,	19.658000,	-57.238700,	5.495700,	-151.730000,	-25.012300,	-160.097000,	-33.570700,	123.813000,	NaN,	4.797520,	2.156400,	-41.903000,	94.871400,	51.170400,	-35.113800,	82.635300,	-119.251000,	62.350500,	-37.285400,	-30.579600,	NaN,	33.560200,	-25.965100,	15.652400,	71.078000,	29.704100,	-39.114100,	-39.817300,	-1.123110,	-30.841900,	-45.518100,	-61.756400,	-39.173800,	43.781900,	26.950000,	18.443000,	15.918700,	14.130100,	5.832040,	-1.471210,	-6.268380,	-1.242010,	-10.412300,	-49.558300,	92.888800,	122.120000,	2.766140
-37.049700,	9.168350,	37.099000,	40.307400,	NaN,	90.562900,	21.003500,	88.137300,	29.391600,	27.206200,	NaN,	10.046400,	-40.094600,	NaN,	27.878800,	-15.644100,	-37.754700,	8.511680,	18.686800,	-6.515190,	-19.588200,	-39.304900,	-44.703000,	46.727300,	NaN,	70.692000,	-9.381120,	-39.725300,	76.920400,	67.695400,	-68.352200,	-15.195100,	-46.488000,	36.288400,	-77.870600,	-68.833300,	NaN,	54.972600,	-7.920610,	18.351800,	15.695000,	32.167000,	45.503600,	-4.068780,	15.673200,	-40.293800,	16.854800,	-17.522300,	1.278560,	-84.177800,	36.264100,	28.517600,	-4.379070,	-84.430600,	24.070800,	41.498500,	NaN,	NaN,	NaN,	10.256500,	-68.591400,	NaN,	-6.198480,	2.422400,	25.510100,	-48.881800,	4.026500,	-102.573000,	7.263910,	-135.883000,	-2.068390,	136.112000,	NaN,	31.142200,	3.078610,	-56.612200,	99.940000,	43.886500,	-51.056600,	102.035000,	-70.640000,	55.700200,	-48.782500,	-45.643900,	NaN,	70.785100,	-38.158500,	21.570300,	110.897000,	41.123800,	-9.987940,	-35.580400,	2.437190,	-38.951700,	-52.445600,	-37.093200,	-24.394100,	45.693900,	39.164500,	9.343230,	-5.494390,	6.384290,	-13.893100,	-8.947450,	-11.959800,	-8.531100,	-33.765500,	-64.823100,	103.770000,	142.180000,	-1.878320
-43.343100,	51.776600,	18.550000,	21.470200,	NaN,	16.352800,	-31.017600,	47.476400,	71.247800,	37.851400,	NaN,	-16.529000,	-79.102400,	NaN,	13.945600,	-23.157100,	-59.436000,	9.481590,	23.869500,	39.188300,	-11.963400,	-36.967600,	-18.237400,	15.939300,	NaN,	54.642900,	-7.848340,	-35.517400,	45.900600,	59.586100,	-110.198000,	-29.448100,	-34.595600,	1.959860,	-82.879100,	-59.270100,	NaN,	49.914000,	-10.921500,	11.968700,	29.532400,	33.221300,	28.967300,	-9.214670,	48.047400,	-21.006500,	6.940010,	7.237580,	24.097300,	-50.624500,	33.968000,	26.084400,	-15.228300,	-59.491800,	-6.038030,	28.318200,	NaN,	NaN,	NaN,	34.414500,	-67.408800,	NaN,	-24.468800,	0.834689,	17.642000,	-35.613900,	1.335930,	-10.203700,	36.079400,	-85.033300,	16.241600,	102.475000,	NaN,	41.175500,	0.286082,	-44.191700,	79.861800,	29.713400,	-55.696700,	80.313500,	-19.542500,	44.402300,	-45.905700,	-50.781800,	NaN,	93.870100,	-44.333600,	26.963000,	116.362000,	45.826200,	36.036100,	-19.009000,	10.216300,	-39.210800,	-49.135200,	-7.390530,	-10.033100,	39.639500,	37.423500,	-7.200270,	-25.824600,	8.565200,	-9.186470,	-1.499820,	-15.636600,	-15.436300,	-37.855300,	-45.212800,	85.680200,	121.625000,	-7.896410
-29.203200,	72.585100,	4.045390,	4.036130,	NaN,	-42.389800,	-35.070100,	9.122010,	113.696000,	53.887700,	NaN,	-14.429500,	-58.212700,	NaN,	35.759900,	-26.534700,	-53.936800,	10.841600,	27.929200,	83.824800,	6.368900,	-16.032500,	14.080800,	-4.706370,	NaN,	23.281500,	9.359130,	-11.572600,	27.630800,	56.426600,	-138.839000,	-37.614600,	-5.184520,	-16.965300,	-58.896300,	-42.728500,	NaN,	28.938000,	-14.693800,	11.726500,	37.352700,	32.206900,	20.878100,	10.678300,	89.645700,	16.785400,	2.686740,	16.531600,	29.237900,	-22.851700,	27.409400,	21.976300,	-40.879600,	-46.115300,	-47.156400,	4.577650,	NaN,	NaN,	NaN,	52.461300,	-69.305700,	NaN,	-27.936400,	2.396840,	4.960160,	-14.701800,	2.205780,	79.278800,	59.060200,	-23.472700,	20.190300,	64.418600,	NaN,	40.910900,	-0.354964,	-14.287500,	51.300900,	21.784800,	-46.950400,	48.410500,	32.193300,	26.799700,	-27.828300,	-46.345200,	NaN,	102.703000,	-29.670400,	31.075800,	95.525700,	43.533800,	85.216300,	10.450800,	21.303800,	-19.864000,	-27.548900,	31.049900,	-1.050350,	33.407000,	30.318400,	-16.613600,	-33.397700,	13.936800,	15.825400,	18.048000,	-15.430500,	-22.395100,	-18.450500,	-10.722300,	48.964300,	88.790500,	-12.224400
-4.365900,	79.132400,	3.098120,	3.330330,	NaN,	-28.775600,	0.811333,	-0.903310,	135.210000,	60.117300,	NaN,	23.742300,	19.179600,	NaN,	84.846400,	-23.452000,	-16.902500,	19.117400,	26.288500,	113.742000,	40.756900,	8.700410,	58.084300,	-10.229100,	NaN,	2.637070,	35.944000,	11.547900,	32.072100,	62.657000,	-119.247000,	-27.234300,	34.643400,	-22.592000,	-21.246200,	-34.614200,	NaN,	11.441700,	-16.611700,	20.047500,	49.817700,	30.705800,	20.362100,	54.964700,	113.004000,	62.316800,	21.098700,	8.252370,	25.330900,	-4.265570,	22.061800,	18.651100,	-57.856400,	-46.174800,	-71.095100,	-9.995770,	NaN,	NaN,	NaN,	57.171200,	-56.740700,	NaN,	-2.268250,	7.177780,	-7.856840,	20.758500,	2.537390,	118.224000,	71.037700,	36.825500,	13.497700,	42.037800,	NaN,	37.938300,	4.479630,	9.268990,	32.760700,	25.795000,	-17.308500,	29.501100,	65.647600,	-1.352260,	-7.542520,	-31.478900,	NaN,	92.346400,	1.538980,	26.967300,	71.012800,	37.522100,	112.236000,	43.984000,	31.980000,	20.111400,	12.455300,	56.099200,	2.744900,	27.325500,	27.694200,	-16.945800,	-21.069700,	15.579500,	38.740000,	34.338600,	-9.145180,	-22.482500,	13.042900,	12.364600,	13.259800,	65.732500,	-13.300300
8.288160,	76.271000,	14.798500,	12.655100,	NaN,	35.511800,	28.641800,	13.987000,	123.481000,	51.530700,	NaN,	68.835400,	104.739000,	NaN,	124.415000,	-15.576500,	24.832500,	30.349500,	16.451900,	123.999000,	76.207300,	17.167200,	90.612000,	-16.306200,	NaN,	6.647780,	56.517300,	16.925100,	37.040300,	60.206000,	-43.797000,	-3.383800,	52.324800,	-23.781100,	7.960460,	-27.512600,	NaN,	5.748110,	-22.940600,	19.836300,	56.791700,	26.563600,	19.713500,	95.498300,	98.616700,	97.161400,	54.996700,	-0.520910,	21.044800,	7.000270,	19.835600,	15.838200,	-55.441800,	-46.065300,	-75.497500,	-10.609800,	NaN,	NaN,	NaN,	49.053200,	-26.485800,	NaN,	31.843200,	8.359190,	-18.203700,	60.834200,	5.289090,	93.185700,	72.110300,	85.743700,	3.202210,	20.855700,	NaN,	40.202800,	12.707400,	9.618690,	20.422700,	27.767600,	27.835800,	29.079600,	62.937600,	-24.802200,	4.143860,	-6.632010,	NaN,	67.608600,	31.354400,	14.320900,	54.082600,	30.225000,	103.226000,	72.462500,	33.472000,	67.234000,	53.130600,	51.531700,	7.528780,	13.833500,	26.869100,	-14.313500,	6.051270,	11.954900,	41.798000,	35.880000,	2.113540,	-10.556100,	37.653600,	15.665300,	-11.575000,	46.339700,	-8.512780
-2.567850,	55.917000,	31.651200,	10.056000,	NaN,	72.816800,	22.760900,	22.489700,	92.206100,	40.241500,	NaN,	85.745300,	154.032000,	NaN,	125.795000,	-7.338890,	44.185000,	33.976600,	1.771430,	114.276000,	87.386500,	9.647290,	88.434200,	-34.861100,	NaN,	20.585100,	59.862700,	11.658400,	24.808200,	36.861700,	30.657800,	18.786400,	40.845900,	-18.045900,	17.163300,	-9.348840,	NaN,	-1.402040,	-35.367200,	-1.681290,	41.436900,	22.882000,	17.457600,	104.676000,	62.749000,	104.188000,	74.159800,	-0.655411,	9.332910,	7.145450,	17.608400,	11.076300,	-47.493800,	-36.700900,	-78.167200,	-11.428500,	NaN,	NaN,	NaN,	32.367400,	-2.867380,	NaN,	41.721400,	5.296160,	-28.393900,	79.491500,	13.109000,	30.412300,	65.864700,	108.869000,	-11.301100,	-15.078400,	NaN,	43.604600,	18.408900,	-1.774430,	3.500030,	13.991500,	57.287400,	38.199800,	31.979100,	-25.528300,	8.205470,	18.558500,	NaN,	39.749000,	47.511500,	-1.119200,	27.291200,	21.614400,	71.373200,	82.873300,	20.007100,	95.650400,	68.424000,	28.122400,	10.285800,	-11.069600,	17.301700,	-14.520100,	25.941400,	6.359980,	27.312500,	26.592100,	12.229200,	4.906130,	42.071000,	12.119200,	-30.361200,	12.979500,	-0.123792
-23.729500,	17.749900,	49.833300,	-15.590100,	NaN,	55.023100,	1.897630,	12.682100,	67.737700,	33.605800,	NaN,	74.104400,	161.179000,	NaN,	90.788300,	-1.802510,	37.240900,	29.858400,	-12.309400,	91.910800,	68.518100,	0.661789,	59.245100,	-60.898600,	NaN,	27.031100,	51.952000,	10.786800,	13.353800,	13.749000,	62.980500,	40.242700,	27.132800,	0.171683,	15.908500,	12.873300,	NaN,	-20.128000,	-42.171400,	-32.103500,	10.360800,	26.852100,	18.094100,	82.997400,	34.005900,	83.865800,	63.286200,	1.117690,	-16.519700,	-8.048300,	14.467200,	3.854340,	-45.771000,	-17.527800,	-83.544600,	-21.680200,	NaN,	NaN,	NaN,	14.615500,	-4.639770,	NaN,	18.674800,	3.217770,	-42.950500,	64.200800,	16.242400,	-30.904900,	50.604100,	99.132800,	-33.177000,	-46.285400,	NaN,	39.209300,	20.039000,	-4.361720,	-7.376970,	-3.829020,	54.947600,	47.319700,	-3.690720,	-9.493640,	12.769200,	29.788000,	NaN,	17.689600,	49.737100,	-15.067900,	-15.598900,	14.343200,	42.037800,	66.825700,	0.850488,	87.824400,	53.865300,	6.992600,	1.884150,	-36.603200,	1.211280,	-18.004600,	23.294100,	3.874980,	15.145300,	20.803700,	15.848400,	14.277600,	33.166900,	17.613800,	-38.836400,	-22.752200,	3.589310
-38.389700,	-15.263100,	64.452200,	-41.704200,	NaN,	33.022600,	-3.550260,	4.914350,	65.218100,	30.333300,	NaN,	62.201700,	148.585000,	NaN,	40.042700,	-1.559000,	16.492200,	26.662400,	-18.605100,	70.869700,	44.914700,	-6.333900,	35.854100,	-70.789000,	NaN,	32.210900,	46.613200,	14.884500,	23.401100,	13.218600,	72.479000,	66.030500,	32.541000,	22.868500,	22.794200,	28.508700,	NaN,	-36.556000,	-34.242200,	-38.734000,	-9.181290,	34.893300,	25.641800,	57.104100,	24.799800,	53.512700,	45.507000,	9.818880,	-39.529700,	-23.249800,	7.376710,	-0.278448,	-41.250700,	6.667810,	-73.338800,	-29.364000,	NaN,	NaN,	NaN,	6.405990,	-13.142100,	NaN,	-13.768300,	3.101960,	-56.886400,	33.162500,	11.028600,	-64.540500,	26.743000,	78.942500,	-49.562200,	-45.838500,	NaN,	31.965400,	22.340500,	3.317960,	0.152103,	-6.399430,	41.551400,	60.711500,	-27.769800,	2.498070,	20.515000,	26.307800,	NaN,	7.417490,	44.995500,	-23.189100,	-42.390500,	5.749150,	24.587900,	42.120600,	-4.408840,	63.218600,	38.644500,	1.715380,	-14.273100,	-41.187900,	-4.387400,	-18.784000,	16.279900,	9.707070,	19.093200,	26.269800,	15.265200,	21.994600,	25.079300,	37.451700,	-26.570100,	-34.689000,	-0.625028
-39.053100,	-9.284280,	63.993300,	-36.240600,	NaN,	58.829800,	19.049800,	19.099700,	77.973400,	27.105300,	NaN,	69.048200,	131.870000,	NaN,	1.452930,	-2.985110,	3.536140,	28.322900,	-7.856970,	66.765900,	50.264800,	-15.469300,	47.921800,	-38.199600,	NaN,	46.509200,	48.400500,	16.721700,	40.836800,	22.488900,	89.174000,	86.235100,	55.710500,	35.613700,	42.420200,	33.276400,	NaN,	-32.821900,	-18.469000,	-7.444540,	-5.159580,	38.899200,	36.568500,	46.949500,	27.516700,	26.685400,	46.791400,	42.529000,	-37.449400,	-10.974500,	-5.813970,	4.280660,	-24.115000,	32.552300,	-41.383500,	-20.660500,	NaN,	NaN,	NaN,	6.658140,	-16.738500,	NaN,	-23.949000,	2.116990,	-53.431700,	15.344600,	12.476300,	-53.802100,	9.150390,	78.164800,	-39.526300,	-7.169720,	NaN,	34.175700,	29.055400,	7.351910,	13.355200,	1.934540,	42.300300,	75.171900,	-28.592600,	-0.771668,	30.397000,	20.078800,	NaN,	11.775300,	40.155800,	-17.784100,	-24.195600,	-6.914250,	16.293200,	34.018800,	7.210960,	48.209900,	43.529000,	27.083300,	-21.656700,	-17.862800,	7.311540,	-7.113320,	32.808500,	21.719000,	33.916200,	37.489900,	16.583700,	31.346600,	21.995100,	58.452600,	3.717930,	-16.701800,	-5.288640
-24.833100,	46.614600,	41.721300,	3.947090,	NaN,	123.792000,	52.476800,	46.772200,	84.186500,	18.390900,	NaN,	82.206200,	111.383000,	NaN,	-2.419610,	-1.059270,	15.088400,	31.362800,	20.827300,	77.598900,	87.738100,	-20.533100,	97.445900,	33.017900,	NaN,	61.328700,	48.543500,	15.417600,	38.066700,	14.274500,	112.243000,	86.997300,	88.598500,	36.194500,	59.092300,	24.819000,	NaN,	-10.239200,	-6.182280,	36.130300,	10.954500,	32.766200,	40.338300,	46.907700,	27.922300,	4.244160,	60.843900,	90.235600,	-8.944480,	37.239500,	-20.067200,	14.598300,	2.933090,	61.281900,	4.088590,	5.909150,	NaN,	NaN,	NaN,	2.341740,	-29.384300,	NaN,	-2.731400,	1.352710,	-24.824400,	17.168100,	33.250200,	-11.556600,	14.381400,	96.180300,	-2.610910,	55.003200,	NaN,	45.494900,	35.241400,	2.332460,	14.247200,	2.492850,	60.344400,	71.600100,	2.926060,	-15.367600,	39.306700,	17.257800,	NaN,	24.072600,	38.617000,	1.806820,	24.038900,	-19.253800,	8.799690,	40.997200,	16.845300,	42.691200,	52.839500,	81.119400,	-10.688300,	15.009900,	23.463200,	16.306600,	65.664500,	28.524800,	43.337100,	42.746200,	20.087100,	32.753200,	20.167400,	58.674300,	36.986600,	14.995500,	-2.930270
0.308338,	121.920000,	8.054360,	49.932200,	NaN,	169.374000,	64.062900,	60.436500,	73.288700,	3.633100,	NaN,	76.214200,	79.671500,	NaN,	26.407800,	7.101420,	46.733600,	33.413500,	55.012400,	87.677300,	127.928000,	-12.955200,	156.297000,	100.038000,	NaN,	60.194100,	38.916400,	13.231300,	12.105400,	-10.658000,	114.128000,	69.729100,	115.449000,	28.852300,	53.770100,	0.460555,	NaN,	16.043000,	-0.422557,	53.162600,	27.454500,	16.844600,	29.433900,	43.055600,	20.007600,	-13.452500,	66.216700,	110.097000,	28.999200,	93.341500,	-26.286300,	21.570500,	27.527700,	95.244600,	49.530900,	37.324300,	NaN,	NaN,	NaN,	-10.387300,	-57.532200,	NaN,	31.161500,	3.728370,	12.888300,	26.617100,	57.784000,	24.185300,	34.987500,	109.679000,	39.040300,	111.291000,	NaN,	52.268100,	33.632300,	-3.959070,	3.808090,	-8.505160,	77.587800,	43.168100,	54.315500,	-36.128300,	42.146600,	14.208900,	NaN,	28.307100,	34.853400,	21.487800,	64.159700,	-23.077700,	2.207190,	40.311300,	9.143810,	28.107000,	42.401300,	121.843000,	9.529120,	32.722500,	30.715100,	36.466600,	83.031600,	23.091500,	41.190300,	38.691200,	22.230600,	16.972800,	19.567900,	33.021200,	59.930500,	41.735300,	5.338750
21.728100,	161.618000,	-21.727200,	69.711600,	NaN,	141.413000,	37.615000,	42.048700,	49.578000,	-9.055690,	NaN,	42.385200,	39.729600,	NaN,	59.403000,	16.469600,	70.808900,	31.725200,	74.850800,	80.136300,	135.030000,	1.389410,	181.801000,	120.696000,	NaN,	40.460500,	22.178100,	9.032850,	-21.070900,	-32.628000,	78.381600,	45.372400,	107.311000,	15.786400,	22.529700,	-29.377900,	NaN,	36.491300,	-2.552530,	33.435200,	42.503000,	-7.441620,	11.558200,	32.519700,	8.120880,	-20.728700,	61.468100,	80.182100,	61.741800,	112.651000,	-22.268600,	20.140300,	31.082300,	112.093000,	70.782300,	47.997700,	NaN,	NaN,	NaN,	-18.509300,	-78.799700,	NaN,	51.457600,	6.106040,	35.180600,	26.113200,	59.677900,	26.814300,	42.254900,	104.359000,	62.597900,	119.629000,	NaN,	46.302400,	24.036100,	-6.619090,	-12.752200,	-22.146500,	73.523800,	8.549050,	91.311700,	-55.426200,	35.527000,	8.832540,	NaN,	15.504300,	26.144500,	26.892500,	73.720800,	-18.504600,	0.572056,	23.878000,	-9.317960,	-1.179890,	13.920200,	104.064000,	25.215200,	30.089500,	28.524000,	39.930800,	66.686200,	11.583900,	33.363600,	29.323700,	21.180400,	-8.423330,	22.942300,	1.115950,	62.895500,	43.327700,	11.947900
27.957400,	131.574000,	-40.303800,	50.131600,	NaN,	38.537000,	-9.405320,	-0.223658,	18.697500,	-9.569400,	NaN,	1.356750,	8.624740,	NaN,	72.053000,	22.982300,	62.258900,	21.058300,	67.914300,	51.006900,	95.699100,	11.345400,	144.880000,	94.356700,	NaN,	13.278700,	7.940290,	2.069410,	-45.428700,	-40.745500,	15.721500,	16.425700,	54.317200,	-2.128700,	-14.471600,	-39.732400,	NaN,	54.494200,	-11.348700,	1.529080,	51.294400,	-35.512800,	2.907270,	23.155400,	1.200360,	-17.625700,	58.001000,	25.705300,	80.013900,	73.531200,	-13.210700,	11.440800,	4.032240,	81.460700,	50.740300,	21.040900,	NaN,	NaN,	NaN,	-12.078700,	-70.181600,	NaN,	47.164100,	1.695230,	34.701500,	6.740860,	38.996600,	-0.677989,	23.837400,	80.108100,	60.100200,	58.889700,	NaN,	34.137800,	11.397300,	-9.612130,	-34.776000,	-31.504300,	47.218600,	-10.269000,	91.674400,	-62.786200,	26.003000,	6.269600,	NaN,	-6.189950,	17.793900,	18.443700,	54.605600,	-12.793300,	2.148470,	4.245840,	-22.363700,	-27.995700,	-11.594700,	37.786600,	29.518400,	21.220400,	21.724900,	28.290200,	33.361400,	2.418260,	24.100400,	18.001500,	19.414500,	-24.379400,	28.119100,	-19.197600,	41.694100,	12.455500,	11.657400
22.079700,	50.313400,	-42.651100,	7.027950,	NaN,	-79.237900,	-45.059400,	-40.672200,	-9.341050,	-3.419920,	NaN,	-23.667800,	-2.201550,	NaN,	58.652000,	25.486600,	25.858500,	0.393182,	38.088300,	9.581060,	24.445400,	18.206800,	62.324000,	51.506100,	NaN,	-6.356550,	0.846090,	-5.708050,	-48.652400,	-33.038700,	-34.825300,	-12.531400,	-4.411130,	-16.690200,	-32.774600,	-23.235000,	NaN,	74.659700,	-19.791400,	-14.011200,	45.492800,	-53.388600,	7.046960,	19.420900,	2.739400,	-12.714300,	51.882900,	-13.838000,	77.007500,	-0.788809,	-1.459530,	0.941086,	-36.564800,	11.926700,	7.193540,	-25.699700,	NaN,	NaN,	NaN,	2.331250,	-36.684600,	NaN,	27.473800,	-8.866010,	22.850000,	-24.145200,	15.235600,	-41.909800,	-1.548870,	39.333900,	37.794200,	-30.099500,	NaN,	24.865000,	0.041120,	-14.543400,	-48.257500,	-31.113100,	21.447100,	-2.849220,	68.212000,	-48.633800,	20.739300,	12.763100,	NaN,	-18.004100,	13.024400,	6.767880,	20.647700,	-6.483610,	0.011769,	-9.247350,	-24.012500,	-35.704100,	-21.536600,	-18.379900,	27.115400,	18.797400,	14.111300,	10.887800,	10.636500,	-3.930200,	11.699100,	4.987150,	21.187700,	-20.936900,	27.929600,	-27.133200,	7.006110,	-25.788800,	5.549500
11.977600,	-32.044500,	-24.567500,	-30.404100,	NaN,	-141.817000,	-49.803200,	-58.141400,	-27.760200,	-10.558100,	NaN,	-31.270300,	-2.129750,	NaN,	16.911800,	20.057200,	-14.205200,	-21.057300,	-0.790688,	-31.708000,	-48.408500,	23.795000,	-20.646500,	12.002100,	NaN,	-8.842230,	-1.810010,	-13.062100,	-22.662600,	-9.145070,	-37.012500,	-23.542500,	-27.000600,	-18.124300,	-27.216200,	6.545920,	NaN,	90.753100,	-18.584900,	-5.650330,	28.737500,	-48.553200,	14.619400,	12.256200,	3.207610,	-11.479000,	27.734200,	-24.611200,	55.799400,	-64.403400,	13.789400,	-3.885360,	-57.386700,	-45.890200,	-23.135700,	-55.372600,	NaN,	NaN,	NaN,	15.199700,	-7.528330,	NaN,	5.644030,	-17.383700,	8.061740,	-49.333900,	-5.089830,	-79.395600,	-16.463800,	-7.601980,	9.379500,	-74.292200,	NaN,	18.537400,	-7.229750,	-16.913800,	-32.067500,	-16.282500,	17.191200,	24.909500,	43.292100,	-12.235400,	17.821900,	28.111300,	NaN,	-9.401680,	9.718210,	-0.476413,	-8.851160,	5.615860,	-5.836550,	-18.140700,	-16.210100,	-25.376700,	-21.041800,	-32.654000,	21.687000,	23.903000,	10.231900,	-7.013740,	6.742600,	-8.927340,	-1.077660,	-7.395580,	26.390700,	-4.931260,	20.104900,	-25.903400,	-14.909400,	-32.134300,	-2.799570
1.542780,	-81.465800,	8.245320,	-45.091700,	NaN,	-127.976000,	-27.629400,	-51.916100,	-35.943300,	-34.949000,	NaN,	-35.204900,	-6.329280,	NaN,	-43.491100,	5.433710,	-39.997300,	-34.669200,	-35.454700,	-66.735700,	-97.632200,	17.048100,	-73.211000,	-21.235600,	NaN,	8.796420,	-5.980310,	-18.386000,	23.041300,	25.446300,	0.354128,	-8.174400,	-17.821100,	-5.928270,	-12.106100,	33.579700,	NaN,	93.542100,	-8.413720,	12.371000,	12.680600,	-25.404900,	14.511000,	-4.108770,	-8.283460,	-10.600000,	-11.563300,	-6.370450,	32.323600,	-84.798000,	29.042300,	1.569650,	-40.109800,	-50.412200,	-24.546400,	-52.965200,	NaN,	NaN,	NaN,	26.911400,	7.784680,	NaN,	-15.834700,	-19.520400,	-5.951590,	-53.305800,	-25.144500,	-89.747600,	-26.593100,	-36.717700,	-10.468500,	-48.791000,	NaN,	14.616100,	-9.265010,	-13.121600,	7.345420,	7.643300,	25.539200,	59.096500,	23.988400,	35.246700,	8.307390,	43.700500,	NaN,	13.194600,	5.567030,	-0.330986,	-16.558200,	21.922900,	-7.083780,	-19.460300,	1.159420,	-5.056370,	-11.964200,	-14.809200,	12.724100,	27.009300,	11.500200,	-23.551800,	11.454000,	-10.155600,	-6.305240,	-14.975400,	29.019000,	12.532900,	10.289600,	-14.946800,	-8.724150,	-0.356021,	-8.725970
-8.240990,	-101.519000,	38.193100,	-40.067200,	NaN,	-74.388100,	4.726420,	-38.520900,	-38.298100,	-52.729900,	NaN,	-39.884300,	-15.327700,	NaN,	-90.494900,	-12.618000,	-51.463700,	-41.926000,	-61.297400,	-99.040100,	-122.689000,	-7.414800,	-100.987000,	-45.473500,	NaN,	34.817100,	-14.653900,	-18.868200,	56.130100,	47.226900,	29.433300,	11.707900,	-4.950640,	8.842030,	0.710432,	47.626000,	NaN,	75.886600,	2.357020,	17.047800,	-8.540560,	-0.533887,	2.553640,	-16.235300,	-27.693500,	-4.450710,	-41.206500,	35.184500,	17.899400,	-61.742000,	34.718700,	12.800100,	3.361140,	-15.092200,	-9.196150,	-34.246000,	NaN,	NaN,	NaN,	35.886900,	28.732000,	NaN,	-41.254300,	-17.552300,	-12.956400,	-34.622300,	-40.871500,	-59.645300,	-40.660400,	-37.366700,	-19.121600,	-1.269990,	NaN,	13.424900,	-7.195570,	-5.366470,	30.961700,	22.969100,	18.252400,	82.730500,	11.237700,	75.313400,	-7.865680,	50.238200,	NaN,	30.349100,	0.733054,	5.702080,	-8.609870,	30.392000,	-2.108750,	-6.441290,	22.126800,	20.865400,	9.465270,	17.915900,	2.063570,	13.420800,	7.149550,	-38.183000,	12.540300,	-7.303840,	-3.536470,	-18.441800,	23.332000,	21.988400,	5.192530,	0.343173,	7.609040,	31.369000,	-8.264080
-11.261400,	-104.267000,	48.368400,	-27.530400,	NaN,	-30.810400,	33.427300,	-33.599900,	-37.655000,	-40.487900,	NaN,	-35.661500,	-19.338900,	NaN,	-89.111300,	-23.716900,	-50.483900,	-46.638600,	-79.917700,	-128.321000,	-137.887000,	-31.218800,	-119.978000,	-61.123700,	NaN,	46.952300,	-27.241800,	-12.663900,	53.991200,	38.947200,	21.599700,	15.075000,	6.481350,	14.386300,	11.209800,	42.811100,	NaN,	37.988600,	5.594870,	-0.495791,	-45.624100,	14.444200,	-13.688500,	-10.541300,	-39.488900,	3.562490,	-46.311400,	75.887100,	5.838080,	-19.949200,	27.983100,	19.129300,	42.028600,	14.133900,	1.923990,	-20.270100,	NaN,	NaN,	NaN,	33.216200,	63.864400,	NaN,	-66.123600,	-13.146500,	-12.868900,	-8.068120,	-47.414700,	-10.762700,	-54.324300,	-22.341600,	-27.745700,	9.943900,	NaN,	8.879650,	-4.829820,	3.517020,	16.556200,	18.577300,	-11.767500,	75.085800,	9.617920,	93.168900,	-19.004900,	43.412500,	NaN,	26.200500,	-4.518990,	8.539590,	-12.661900,	25.162500,	1.128270,	15.339100,	31.447300,	43.301000,	32.406900,	52.715800,	-9.790060,	-19.955600,	-13.899800,	-43.603800,	8.220490,	-4.486290,	2.168680,	-19.050200,	11.223200,	19.594700,	4.028770,	10.499200,	4.419820,	26.230900,	-0.439085
-0.553029,	-90.464100,	34.222500,	-16.858000,	NaN,	-17.347800,	49.596200,	-40.638500,	-38.870500,	-9.438710,	NaN,	-13.795600,	-14.085700,	NaN,	-38.598600,	-23.901300,	-39.418900,	-48.121600,	-95.097600,	-149.277000,	-146.498000,	-38.013800,	-133.295000,	-74.529600,	NaN,	29.406000,	-39.523800,	-3.789200,	25.570800,	9.029370,	-13.116200,	5.136400,	19.696600,	6.784860,	21.373600,	15.877900,	NaN,	-7.397600,	-4.009190,	-26.513300,	-85.358500,	17.626800,	-26.032400,	-0.794498,	-38.447000,	5.577040,	-36.366300,	80.892400,	-18.617800,	7.976120,	16.046600,	13.863300,	49.751800,	7.275000,	-3.146510,	-21.275700,	NaN,	NaN,	NaN,	16.752800,	89.301200,	NaN,	-77.106400,	-6.599910,	-17.035000,	5.024680,	-51.824100,	14.240900,	-63.525300,	-9.408360,	-45.577000,	-31.415300,	NaN,	-9.260060,	-4.696680,	9.331910,	-15.633100,	2.210490,	-47.762600,	31.022200,	10.401600,	83.867300,	-14.755000,	25.765600,	NaN,	2.458440,	-7.361720,	-0.554373,	-39.876800,	14.198000,	-2.124400,	21.835700,	21.866700,	40.986500,	33.617500,	65.745100,	-30.406400,	-55.403500,	-44.986700,	-32.170500,	-4.390660,	-4.600840,	3.904000,	-16.898000,	-1.776580,	5.836880,	-1.487320,	14.565500,	-25.333100,	-13.776500,	9.188440
18.778400,	-66.207300,	3.909910,	-13.777800,	NaN,	-24.164400,	49.658400,	-46.081700,	-51.402200,	7.807810,	NaN,	15.029900,	-6.238500,	NaN,	16.196100,	-17.252500,	-32.685300,	-47.593900,	-104.981000,	-154.995000,	-141.292000,	-36.625700,	-143.143000,	-92.522000,	NaN,	-9.901700,	-41.884500,	0.220657,	-4.688790,	-20.378900,	-51.778200,	-8.265010,	17.597600,	-11.844100,	28.951400,	-26.873000,	NaN,	-43.231600,	-26.640100,	-47.309500,	-102.114000,	11.323700,	-34.063200,	-15.248700,	-35.571300,	0.702718,	-30.180600,	41.352500,	-59.582000,	-0.068006,	2.978840,	2.119790,	22.358800,	-28.521500,	-24.764200,	-34.305500,	NaN,	NaN,	NaN,	-6.859070,	72.119700,	NaN,	-71.603400,	-0.466577,	-32.241600,	-9.690300,	-57.416600,	2.666190,	-73.996300,	-7.522300,	-66.630200,	-94.494700,	NaN,	-38.901200,	-4.571080,	2.869940,	-34.613500,	-12.425500,	-72.216900,	-29.826700,	-9.252060,	49.290000,	1.332460,	3.540850,	NaN,	-25.219500,	-3.802700,	-17.044600,	-65.817600,	6.549050,	-7.937800,	-1.437930,	-2.656210,	4.794660,	1.642730,	36.551800,	-60.787200,	-70.658500,	-66.582000,	-10.696200,	-30.469900,	-7.048150,	-1.273140,	-12.546400,	-12.562300,	-17.505800,	-15.284200,	12.003900,	-58.295000,	-56.778000,	12.529500
32.454400,	-47.368500,	-23.416500,	-20.752300,	NaN,	-34.738700,	42.056200,	-35.706800,	-71.022300,	-1.147610,	NaN,	28.962000,	1.401680,	NaN,	31.369300,	-6.848920,	-39.721700,	-48.460700,	-97.607700,	-138.310000,	-122.695000,	-39.519000,	-149.508000,	-106.256000,	NaN,	-44.423500,	-27.392000,	-3.160940,	-17.893000,	-33.446900,	-79.383700,	-19.624900,	-11.946500,	-32.356100,	29.234700,	-62.034000,	NaN,	-59.100200,	-49.476300,	-59.093000,	-90.381300,	1.652310,	-32.820700,	-54.830100,	-38.597200,	-9.412040,	-39.271600,	-16.976800,	-102.089000,	-37.210500,	-11.147400,	-5.236110,	-21.934900,	-60.101400,	-53.117900,	-48.200500,	NaN,	NaN,	NaN,	-27.778400,	9.763020,	NaN,	-60.661800,	1.820290,	-47.430200,	-45.614700,	-52.011500,	-21.554800,	-82.046900,	-22.066400,	-75.855900,	-128.929000,	NaN,	-62.019600,	-1.209780,	-19.499200,	-28.946000,	-18.503700,	-80.695500,	-72.446600,	-51.769900,	4.022320,	18.241600,	-13.293100,	NaN,	-39.769400,	4.586280,	-26.300700,	-62.920900,	2.764650,	-8.786550,	-35.979100,	-32.518700,	-43.604600,	-48.869600,	-21.777400,	-83.493700,	-59.114000,	-66.113800,	4.058520,	-63.706400,	-10.975000,	-9.783650,	-8.307640,	-19.348600,	-39.179500,	-28.317000,	-1.641450,	-66.180100,	-68.485200,	8.068290
30.844900,	-42.034800,	-33.277700,	-28.910100,	NaN,	-37.469300,	37.954600,	-18.021700,	-79.056200,	-19.581700,	NaN,	19.845600,	16.196800,	NaN,	7.132360,	3.197110,	-48.900400,	-48.940200,	-68.159900,	-100.918000,	-96.287900,	-37.492600,	-141.221000,	-103.041000,	NaN,	-58.312700,	-5.376760,	-9.043690,	-12.939500,	-30.673200,	-90.396900,	-29.352800,	-47.355300,	-41.587900,	20.558800,	-66.365100,	NaN,	-61.256900,	-54.834300,	-63.340800,	-72.093900,	-2.812160,	-22.220200,	-86.611100,	-41.906900,	-21.097000,	-60.101600,	-66.182100,	-127.637000,	-72.932500,	-21.281400,	-6.218080,	-55.845200,	-61.313700,	-67.620400,	-56.256600,	NaN,	NaN,	NaN,	-39.237400,	-59.311200,	NaN,	-48.406200,	2.144170,	-49.037800,	-76.339500,	-29.652400,	-34.954800,	-69.966000,	-47.571200,	-68.452400,	-102.849000,	NaN,	-67.144400,	1.426350,	-43.282500,	-11.034300,	-17.463900,	-79.773400,	-77.292100,	-89.924500,	-28.063600,	27.031200,	-18.849800,	NaN,	-42.984800,	10.565500,	-24.747400,	-42.836800,	-0.753684,	-6.097790,	-56.341000,	-55.876800,	-73.441700,	-86.130700,	-72.039800,	-82.368100,	-37.043900,	-52.057000,	-0.694235,	-85.695600,	-15.570400,	-18.898600,	-7.810460,	-20.449100,	-44.601900,	-31.450800,	-23.616100,	-48.376200,	-44.058900,	-0.045176
16.378100,	-43.674000,	-23.948000,	-26.406100,	NaN,	-25.498100,	34.487400,	-13.279900,	-64.304900,	-27.531200,	NaN,	1.624950,	38.490100,	NaN,	-21.348800,	7.448990,	-43.975500,	-42.136100,	-33.342100,	-57.834900,	-63.192100,	-19.639400,	-115.605000,	-88.433400,	NaN,	-59.507700,	-0.053315,	-13.761200,	-4.599390,	-24.720400,	-89.966900,	-41.189700,	-69.820400,	-37.373200,	6.278670,	-42.557100,	NaN,	-70.246300,	-40.241100,	-64.774600,	-69.966100,	2.479490,	-16.696200,	-90.430000,	-40.896900,	-24.813500,	-76.586400,	-98.312000,	-131.107000,	-81.131600,	-21.621600,	-8.204950,	-62.672200,	-32.128700,	-53.440600,	-61.156300,	NaN,	NaN,	NaN,	-38.253600,	-86.637400,	NaN,	-31.826500,	3.663830,	-38.415600,	-78.624400,	-8.868410,	-31.475800,	-35.059400,	-63.897900,	-55.115400,	-45.578200,	NaN,	-64.507700,	-6.659530,	-50.429800,	-1.402330,	-14.554900,	-82.626000,	-56.102700,	-105.184000,	-34.706500,	20.946600,	-18.132300,	NaN,	-54.285100,	4.113760,	-23.737300,	-40.479800,	-6.559630,	-7.517920,	-59.712300,	-62.086900,	-74.729300,	-86.749000,	-99.211300,	-62.163000,	-28.045900,	-43.738400,	-21.140000,	-82.261200,	-15.784800,	-27.137000,	-12.523000,	-15.558100,	-32.521700,	-27.320200,	-36.565200,	-30.258300,	-16.913500,	-8.059470
-2.726700,	-44.847200,	-7.551010,	-10.286500,	NaN,	-0.482010,	24.811900,	-26.140800,	-39.526100,	-21.162500,	NaN,	-6.303980,	54.116100,	NaN,	-21.204300,	4.910150,	-26.206900,	-28.667900,	-15.433200,	-26.271000,	-26.020900,	1.175290,	-90.266800,	-80.034300,	NaN,	-61.101500,	-23.357800,	-17.538400,	-9.775430,	-29.136800,	-90.813400,	-55.796300,	-94.485700,	-30.358300,	-6.962890,	-9.048550,	NaN,	-92.029200,	-19.505400,	-66.346100,	-86.751400,	9.652360,	-27.364700,	-82.343700,	-38.347200,	-15.893100,	-74.449200,	-109.607000,	-120.161000,	-60.436600,	-19.465100,	-12.962000,	-47.266200,	15.833200,	-21.047900,	-64.542200,	NaN,	NaN,	NaN,	-24.582100,	-54.205700,	NaN,	-10.362700,	3.818420,	-24.005900,	-52.508600,	-5.701620,	-7.775650,	1.820240,	-53.198300,	-44.668400,	-25.284300,	NaN,	-67.001900,	-25.650700,	-41.338600,	-14.493000,	-17.733800,	-98.633900,	-42.642300,	-108.669000,	-27.501600,	1.646220,	-16.184100,	NaN,	-81.111600,	-11.935500,	-29.845200,	-70.918400,	-19.088400,	-17.343300,	-54.587900,	-48.699900,	-56.733200,	-55.818200,	-113.093000,	-42.858800,	-38.912300,	-50.559800,	-41.418000,	-60.378700,	-6.590710,	-28.229900,	-17.940000,	-7.939510,	-18.199000,	-22.252900,	-25.902900,	-35.335900,	-28.819300,	-14.186300
-18.117900,	-34.345200,	3.653660,	11.396800,	NaN,	25.755900,	13.838600,	-41.984600,	-23.919600,	-8.112490,	NaN,	-2.977820,	49.804500,	NaN,	7.908030,	4.731270,	-1.400630,	-17.088900,	-12.117800,	-7.723740,	5.556480,	10.932800,	-74.669200,	-82.282000,	NaN,	-63.183700,	-53.616900,	-19.062100,	-29.300900,	-41.724600,	-96.648000,	-67.800400,	-130.326000,	-24.569100,	-11.233900,	23.604700,	NaN,	-106.986000,	-2.959600,	-58.887600,	-106.415000,	13.537700,	-43.825700,	-80.403500,	-34.657300,	-3.256340,	-57.961700,	-95.673400,	-104.904000,	-25.343800,	-22.899100,	-15.068400,	-26.815200,	71.582700,	10.943800,	-58.468100,	NaN,	NaN,	NaN,	-4.280190,	8.750530,	NaN,	16.682200,	-0.384557,	-3.922220,	-15.687600,	-7.785870,	39.222000,	25.633100,	-23.721500,	-36.422100,	-69.216500,	NaN,	-74.064700,	-41.421000,	-28.662700,	-41.301800,	-28.387800,	-114.803000,	-61.516200,	-112.372000,	-22.538700,	-17.766700,	-8.726780,	NaN,	-103.222000,	-17.398800,	-34.241500,	-114.987000,	-36.196400,	-29.083400,	-45.201800,	-25.034300,	-33.701700,	-20.777200,	-113.477000,	-42.516100,	-54.547400,	-62.076500,	-48.605800,	-34.719100,	8.292760,	-14.225500,	-17.571700,	-0.378254,	-13.690800,	-16.854300,	-2.360520,	-60.669500,	-78.113200,	-17.427300
-22.538900,	2.802870,	10.129400,	30.743900,	NaN,	44.586200,	4.528930,	-46.221800,	-11.831700,	1.449520,	NaN,	-2.595330,	25.368100,	NaN,	47.629700,	13.575000,	29.563500,	-7.028290,	0.547220,	11.147600,	30.847200,	16.614800,	-48.334000,	-83.101000,	NaN,	-63.146300,	-60.788200,	-16.116500,	-43.095300,	-42.271100,	-89.294500,	-65.138900,	-146.587000,	-17.500200,	-4.334960,	47.778200,	NaN,	-98.923700,	11.474300,	-26.570000,	-106.220000,	17.453400,	-47.464000,	-72.471100,	-22.362100,	3.229240,	-41.310200,	-67.613100,	-92.043700,	14.764600,	-26.060000,	-11.112800,	-10.213500,	116.446000,	38.195600,	-33.973500,	NaN,	NaN,	NaN,	10.909300,	56.537100,	NaN,	49.539700,	-3.970000,	24.077200,	19.776500,	3.486740,	95.327900,	45.809800,	-2.492500,	-25.028400,	-131.025000,	NaN,	-77.937000,	-40.673900,	-18.911400,	-48.248300,	-31.227600,	-101.259000,	-101.934000,	-108.279000,	-24.928800,	-18.798600,	4.527330,	NaN,	-93.562000,	-3.073690,	-27.466100,	-141.673000,	-44.303100,	-32.470900,	-34.134600,	-3.963990,	-18.307500,	-3.994700,	-91.147600,	-59.318000,	-54.392200,	-59.538700,	-38.297000,	-9.608530,	19.296000,	8.917700,	-9.694790,	6.456460,	-14.984900,	-14.740000,	10.706700,	-82.256000,	-114.988000,	-16.894000
-12.367900,	70.043100,	16.725500,	46.812300,	NaN,	60.994800,	-13.273800,	-34.602800,	14.626500,	3.351410,	NaN,	-10.590500,	-4.474700,	NaN,	74.213200,	23.804000,	66.706600,	10.301500,	32.887200,	41.246200,	60.030500,	26.535800,	13.041700,	-62.623800,	NaN,	-57.268100,	-35.933800,	-10.119200,	-35.333700,	-22.383200,	-52.514100,	-45.246300,	-118.502000,	-11.014600,	5.715230,	49.373600,	NaN,	-69.374300,	27.358300,	32.941300,	-63.335100,	22.522800,	-32.586900,	-37.664500,	2.041320,	5.370370,	-27.342500,	-44.073300,	-74.748500,	61.387700,	-17.640500,	-2.419050,	8.690240,	127.493000,	58.118200,	5.872430,	NaN,	NaN,	NaN,	18.202500,	76.105200,	NaN,	84.170600,	-0.504044,	54.714200,	48.531200,	26.040600,	127.272000,	72.690700,	4.832140,	-5.430050,	-139.060000,	NaN,	-72.963200,	-23.194800,	-10.875700,	-16.715500,	-12.186900,	-51.907900,	-130.944000,	-85.116600,	-26.468900,	-1.652940,	13.610100,	NaN,	-52.178200,	19.724000,	-9.999100,	-123.846000,	-32.966200,	-24.955400,	-21.791500,	10.924700,	-12.533100,	-1.560940,	-55.946100,	-74.315300,	-29.067600,	-30.418200,	-15.181100,	17.487200,	22.429900,	23.838400,	0.746289,	11.021400,	-15.029000,	-19.655500,	10.299500,	-76.291800,	-95.084100,	-12.929200
5.477230,	140.897000,	21.279600,	59.754500,	NaN,	74.798800,	-45.351200,	-11.609700,	48.834500,	0.732882,	NaN,	-16.833400,	-24.269500,	NaN,	71.105300,	22.886700,	99.364900,	31.685200,	71.681400,	80.594800,	99.315600,	33.342300,	102.070000,	-6.267380,	NaN,	-37.536700,	5.789390,	-2.172940,	-14.044500,	2.494900,	-3.376790,	-23.459000,	-65.382400,	-8.757930,	11.256900,	18.515900,	NaN,	-21.027000,	37.425800,	102.372000,	23.652300,	23.821800,	-10.866100,	13.156100,	26.994600,	11.043600,	-9.284770,	-22.702500,	-40.097500,	116.583000,	2.405800,	9.438330,	35.624500,	98.163300,	60.516100,	47.236600,	NaN,	NaN,	NaN,	23.074300,	91.052200,	NaN,	112.283000,	6.725680,	80.836500,	63.084200,	49.971100,	117.702000,	103.200000,	27.800700,	28.851100,	-71.494800,	NaN,	-51.842100,	2.373920,	-3.012830,	29.945700,	19.413500,	5.200000,	-121.124000,	-45.636700,	-16.289100,	14.494000,	5.753720,	NaN,	-4.434460,	33.491800,	12.611800,	-53.441400,	-6.889810,	-12.251700,	-6.185580,	24.092400,	-5.653800,	8.031350,	-22.188600,	-69.834900,	20.384000,	21.316700,	10.698100,	41.474000,	21.969200,	21.850000,	9.324510,	12.636000,	-13.819500,	-26.927700,	10.854700,	-40.342700,	-26.398700,	-4.808920
13.828700,	174.951000,	17.204000,	64.980500,	NaN,	70.330500,	-75.539800,	11.149000,	64.719100,	-3.666260,	NaN,	-13.971000,	-27.854800,	NaN,	45.394300,	12.035100,	110.736000,	42.529800,	99.818400,	114.827000,	136.578000,	30.869500,	186.403000,	74.685200,	NaN,	-2.187930,	43.658100,	9.769980,	3.659970,	15.689600,	33.022500,	-13.495900,	-12.574200,	-11.195700,	13.240500,	-32.239400,	NaN,	39.722600,	35.035400,	149.686000,	120.262000,	18.723300,	4.246720,	42.784100,	34.205300,	17.388000,	9.766440,	10.569100,	11.828700,	163.810000,	19.857900,	23.693200,	61.424800,	44.408600,	41.683500,	75.673500,	NaN,	NaN,	NaN,	25.099500,	114.247000,	NaN,	123.878000,	9.767460,	95.805600,	59.877700,	71.755700,	77.608800,	125.997000,	81.855300,	73.487100,	30.253800,	NaN,	-10.853500,	26.934500,	2.793400,	56.064900,	39.815400,	47.731800,	-77.063400,	4.249990,	2.483440,	18.104000,	-15.944600,	NaN,	27.196800,	27.722300,	34.545500,	41.451500,	18.056900,	-2.542820,	10.063800,	34.031000,	10.004000,	27.486900,	13.906300,	-38.081600,	75.992300,	73.729500,	30.811500,	52.352100,	22.014900,	11.511400,	14.849700,	12.730500,	-13.518200,	-25.774700,	17.910100,	6.434300,	46.326900,	8.096510
5.021470,	154.643000,	6.904480,	55.553700,	NaN,	39.471200,	-78.885600,	19.945400,	53.289800,	-8.040410,	NaN,	-1.669450,	-22.221400,	NaN,	23.991300,	3.727960,	97.018800,	38.345300,	111.805000,	126.092000,	150.486000,	28.241000,	240.160000,	147.071000,	NaN,	35.198400,	64.270800,	26.359300,	15.145600,	21.379300,	53.209800,	-3.822930,	42.956300,	-13.204900,	13.596700,	-66.402300,	NaN,	91.939600,	28.519300,	156.961000,	182.092000,	13.628200,	9.138410,	30.169700,	23.143000,	13.145600,	17.279200,	51.915100,	64.038600,	174.846000,	25.165300,	35.131500,	68.321400,	-1.734870,	14.390200,	81.679000,	NaN,	NaN,	NaN,	19.986300,	125.161000,	NaN,	117.327000,	8.542080,	93.517200,	46.496600,	84.081600,	29.571800,	128.098000,	133.441000,	108.747000,	120.992000,	NaN,	39.903400,	43.080100,	7.830740,	54.908000,	39.710300,	76.061700,	-20.105700,	61.787200,	16.010700,	14.388400,	-34.169400,	NaN,	42.653900,	7.329280,	46.833500,	111.966000,	31.400600,	3.576010,	15.768100,	35.582000,	23.902900,	35.892600,	60.922100,	11.558300,	112.582000,	103.606000,	44.260900,	49.719800,	21.825100,	5.398250,	18.027900,	12.910800,	-9.306400,	-12.009900,	25.600300,	45.219300,	92.395800,	21.430900
-10.396000,	98.692300,	4.499250,	33.441200,	NaN,	5.209610,	-51.643200,	18.456600,	32.502000,	-11.736100,	NaN,	16.232700,	-20.396700,	NaN,	13.871300,	6.750330,	65.976200,	31.601900,	108.942000,	111.372000,	132.529000,	29.275900,	253.948000,	179.379000,	NaN,	61.851100,	66.838700,	40.592200,	31.350800,	34.993200,	77.073500,	25.928300,	105.990000,	-9.656910,	13.000500,	-55.801500,	NaN,	113.709000,	30.146200,	135.401000,	189.907000,	16.885700,	8.381710,	-5.420440,	11.227800,	-1.980130,	13.120700,	87.756600,	101.223000,	136.284000,	20.517300,	38.942100,	50.932500,	-17.090800,	-2.673480,	66.233600,	NaN,	NaN,	NaN,	12.174100,	103.846000,	NaN,	96.930200,	5.879880,	75.428400,	33.906500,	74.230900,	-3.947720,	98.495600,	134.133000,	116.863000,	179.287000,	NaN,	83.848100,	48.673900,	13.644000,	47.360400,	33.068600,	98.806300,	38.897600,	117.431000,	14.429700,	12.921200,	-37.530800,	NaN,	51.025500,	-13.365800,	42.756600,	135.145000,	32.306200,	12.152900,	4.695660,	32.169300,	22.454100,	24.050600,	111.610000,	62.310500,	118.762000,	106.480000,	53.766900,	46.553200,	18.801500,	7.850850,	19.466400,	13.681900,	7.096310,	10.028400,	30.175300,	72.621500,	110.937000,	26.870000
-17.532900,	39.606600,	17.904400,	11.972800,	NaN,	-0.060764,	-12.239700,	24.865300,	26.370700,	-9.321010,	NaN,	35.432300,	-27.470700,	NaN,	4.194440,	16.303300,	29.989700,	31.807600,	94.629800,	85.971700,	94.913300,	23.035900,	231.176000,	166.453000,	NaN,	79.644700,	61.837900,	42.920300,	52.020500,	57.744800,	122.699000,	76.673900,	156.364000,	-2.098900,	12.274500,	-9.508560,	NaN,	108.508000,	40.178700,	104.189000,	157.438000,	25.849600,	13.744400,	-20.639600,	15.765100,	-14.200700,	14.514200,	117.482000,	124.521000,	64.695600,	11.121000,	37.648000,	22.499500,	-6.016800,	-4.284800,	44.373600,	NaN,	NaN,	NaN,	13.465900,	58.138300,	NaN,	69.437600,	0.767335,	55.268500,	27.584800,	47.558000,	-10.878000,	44.146600,	76.243600,	100.812000,	196.807000,	NaN,	115.375000,	49.245300,	15.996800,	44.980500,	33.520200,	122.405000,	101.810000,	154.555000,	4.934940,	15.981200,	-24.590300,	NaN,	64.798600,	-20.373100,	29.705600,	128.275000,	24.325400,	25.388000,	-4.980930,	33.339000,	15.716000,	11.496700,	149.308000,	103.279000,	102.569000,	95.165700,	57.728600,	50.748600,	13.129000,	17.737900,	19.963900,	13.550400,	35.268200,	33.951300,	35.807100,	90.825400,	110.080000,	22.158000
-18.090600,	0.312244,	31.974600,	1.687020,	NaN,	31.791500,	28.025300,	52.105200,	35.265000,	5.040520,	NaN,	50.707600,	-34.945800,	NaN,	-7.111830,	21.574500,	4.286650,	36.116100,	74.414400,	67.551300,	61.064600,	10.901800,	187.973000,	132.252000,	NaN,	90.932900,	60.227400,	33.787600,	61.412800,	72.887900,	170.998000,	120.730000,	178.692000,	4.415310,	10.594800,	39.968900,	NaN,	98.988700,	50.637600,	75.072900,	110.406000,	28.610200,	31.971600,	4.890170,	35.378600,	-12.682000,	32.253700,	140.262000,	139.115000,	-5.092070,	1.491740,	34.353900,	1.830930,	5.510270,	3.692260,	35.653300,	NaN,	NaN,	NaN,	20.479800,	13.588900,	NaN,	42.034500,	-6.359330,	47.517700,	27.268100,	29.026800,	0.502228,	-1.523150,	-0.733551,	76.003300,	173.986000,	NaN,	134.759000,	50.193800,	12.736700,	42.759800,	37.809000,	142.094000,	158.634000,	170.682000,	-0.589349,	17.891500,	-2.068340,	NaN,	87.426500,	-10.559700,	23.580200,	112.713000,	14.686800,	36.075400,	7.004490,	37.781000,	22.156400,	20.545400,	166.732000,	127.121000,	81.278200,	80.879100,	54.150700,	57.018000,	6.074930,	30.920400,	20.811000,	13.043200,	60.320300,	52.606500,	40.320800,	94.277700,	94.943700,	13.352800
-18.268300,	-13.201500,	30.231600,	3.027440,	NaN,	86.929000,	71.010400,	94.778500,	43.056600,	27.871700,	NaN,	61.020600,	-29.314500,	NaN,	-2.726490,	18.814500,	1.557070,	39.641900,	55.152000,	59.568200,	48.445600,	11.244600,	149.105000,	102.800000,	NaN,	88.144100,	63.584500,	22.593700,	54.192800,	72.028000,	176.082000,	131.346000,	182.005000,	7.841670,	6.595240,	63.645700,	NaN,	94.848700,	58.913400,	53.993200,	70.098400,	21.571000,	54.721200,	47.705700,	54.886500,	-1.188000,	57.325300,	136.315000,	141.770000,	-45.878600,	-0.556985,	27.909600,	-2.375680,	6.142230,	15.067600,	49.058100,	NaN,	NaN,	NaN,	19.364000,	-15.997700,	NaN,	20.608300,	-8.478960,	47.952300,	30.697200,	29.233300,	6.662050,	-11.544800,	-52.458000,	53.029200,	127.498000,	NaN,	134.889000,	51.270500,	8.156680,	39.916100,	37.570100,	142.725000,	179.301000,	174.532000,	-1.533700,	13.598100,	17.909200,	NaN,	99.968700,	5.220290,	26.085000,	89.712800,	14.330000,	40.444200,	31.444600,	33.126600,	35.541700,	44.845600,	161.127000,	126.668000,	65.923400,	66.639200,	44.273600,	60.443600,	-1.441980,	38.668000,	21.281800,	16.029200,	63.891500,	61.595300,	34.957600,	80.276900,	73.482400,	7.051330
-18.138400,	-9.801330,	15.058300,	9.315620,	NaN,	140.358000,	106.212000,	128.924000,	40.982200,	45.897900,	NaN,	67.480400,	-9.993750,	NaN,	25.334000,	14.239200,	21.084400,	40.978500,	36.082600,	52.645900,	53.953500,	27.215500,	123.822000,	83.988300,	NaN,	64.126200,	60.982000,	14.505200,	37.906700,	58.069500,	122.787000,	110.995000,	168.207000,	7.403590,	2.732870,	58.459400,	NaN,	81.788900,	66.303000,	44.740700,	43.205200,	13.067600,	65.745100,	68.437200,	63.021800,	4.435050,	72.626700,	92.846100,	124.281000,	-57.514000,	5.955410,	16.432700,	2.350730,	2.926860,	19.374600,	66.097700,	NaN,	NaN,	NaN,	9.643170,	-36.065000,	NaN,	-0.847144,	-2.719770,	41.081200,	30.241500,	28.970200,	-7.270450,	-1.467830,	-65.684600,	31.529700,	76.558200,	NaN,	104.991000,	47.199100,	3.102660,	36.567100,	28.972300,	111.119000,	139.476000,	162.603000,	-4.570010,	6.552590,	26.276000,	NaN,	77.154900,	15.038000,	24.805000,	59.006800,	23.851700,	41.778700,	42.545500,	14.926800,	32.768200,	57.884000,	126.143000,	99.587900,	53.374000,	50.091000,	33.056000,	57.193400,	-8.982270,	32.901300,	18.993700,	20.785800,	45.957600,	58.671100,	19.191900,	54.774100,	52.175500,	3.379630
-16.827900,	-9.090550,	-1.827360,	10.605500,	NaN,	157.538000,	110.099000,	123.873000,	27.813900,	43.694100,	NaN,	64.257900,	8.223270,	NaN,	52.052500,	13.594000,	42.698300,	33.366800,	10.446700,	30.988700,	52.858300,	39.402700,	91.403300,	63.776400,	NaN,	26.805900,	40.780600,	7.324230,	12.294500,	29.026700,	31.766000,	75.036600,	121.163000,	1.106270,	0.356318,	39.879000,	NaN,	49.810400,	67.240000,	39.719100,	22.121100,	10.195700,	53.267200,	50.624900,	54.882800,	-3.918990,	67.407000,	33.174900,	84.124300,	-63.051900,	10.478300,	0.531860,	0.240299,	-1.074530,	6.179040,	52.980800,	NaN,	NaN,	NaN,	2.806960,	-52.720700,	NaN,	-29.354700,	2.886860,	20.616500,	11.190800,	11.437500,	-32.349300,	-5.091640,	-55.589300,	10.637900,	24.268600,	NaN,	50.175300,	31.508500,	-7.417760,	18.493300,	6.899780,	43.714100,	51.620400,	122.026000,	-14.923500,	2.825260,	22.739700,	NaN,	19.167900,	16.281900,	13.290000,	30.337100,	28.835400,	41.787700,	32.052700,	-6.660940,	9.823430,	49.419800,	67.639900,	55.478100,	34.861500,	27.234400,	21.641300,	39.715900,	-16.198600,	16.119000,	12.453300,	19.899200,	21.270000,	48.176800,	-0.484908,	20.876300,	23.799800,	-1.980320
-15.192900,	-24.786900,	-13.812900,	-0.789746,	NaN,	111.453000,	72.073600,	63.445400,	3.899060,	21.928900,	NaN,	36.320600,	9.856460,	NaN,	52.665600,	17.181200,	44.589700,	9.714440,	-20.936000,	-10.739700,	24.222600,	37.899600,	28.293300,	27.370200,	NaN,	-8.144840,	3.869100,	2.346460,	-22.068700,	-9.938100,	-63.414600,	26.803200,	49.639800,	-13.133700,	-1.969060,	25.250200,	NaN,	5.448330,	55.206000,	13.980300,	-7.925070,	9.622700,	17.143300,	12.073400,	31.139500,	-15.844600,	39.016400,	-10.167600,	26.004100,	-73.561300,	4.319500,	-14.589400,	-12.975300,	-1.336580,	-15.158400,	4.783840,	NaN,	NaN,	NaN,	-1.379650,	-64.029100,	NaN,	-58.942200,	1.060300,	-4.434480,	-25.342700,	-14.904800,	-48.567900,	-24.993000,	-42.018100,	-7.856880,	-24.818700,	NaN,	-9.494830,	4.883220,	-18.375500,	-23.791600,	-27.968300,	-43.359400,	-45.533200,	59.563500,	-32.175800,	1.326530,	15.015200,	NaN,	-47.927600,	9.540530,	-2.749710,	7.120640,	19.338000,	37.814300,	14.182700,	-22.852800,	-11.591800,	30.982600,	10.148000,	12.321600,	0.743830,	-5.555040,	0.458257,	6.362070,	-22.404200,	-0.950795,	1.924560,	11.140000,	3.219130,	39.403000,	-18.371700,	-19.773000,	-17.129500,	-8.425490
-9.562590,	-49.139200,	-24.843500,	-28.058700,	NaN,	10.901800,	7.029980,	-35.047000,	-20.553800,	1.552610,	NaN,	-13.263200,	-6.961470,	NaN,	31.354400,	20.631600,	21.833400,	-22.506800,	-49.980600,	-61.458500,	-27.505100,	32.765700,	-56.818100,	-37.070600,	NaN,	-39.056000,	-41.618100,	1.981150,	-54.530900,	-41.143000,	-124.166000,	-24.093800,	-8.666790,	-30.095300,	-4.281010,	16.670600,	NaN,	-41.242900,	31.722100,	-46.078200,	-56.069700,	3.287180,	-27.114700,	-19.624800,	5.591880,	-18.889400,	-1.236680,	-35.542600,	-39.115900,	-80.633300,	-10.645700,	-25.376800,	-31.928900,	7.097820,	-26.310500,	-51.623600,	NaN,	NaN,	NaN,	-11.765100,	-64.351600,	NaN,	-68.605900,	-3.249420,	-27.583900,	-56.363200,	-39.200700,	-52.442100,	-40.302100,	-34.660400,	-27.184200,	-66.081500,	NaN,	-59.142700,	-26.492800,	-17.380600,	-74.262700,	-60.926800,	-114.554000,	-125.847000,	0.205413,	-51.126300,	0.838849,	9.535210,	NaN,	-96.605300,	-7.658090,	-20.106200,	-25.334200,	-0.424022,	30.133000,	0.469436,	-30.376200,	-15.418100,	13.016300,	-29.322300,	-17.506200,	-46.756800,	-47.542600,	-31.272500,	-29.592100,	-25.201000,	-9.811430,	-8.607400,	-0.379108,	-6.846060,	31.684700,	-29.650000,	-67.472100,	-67.797300,	-11.951500
5.211060,	-61.919400,	-36.718400,	-63.242100,	NaN,	-96.062300,	-52.819700,	-121.286000,	-31.840800,	2.662910,	NaN,	-51.952900,	-28.192700,	NaN,	10.911000,	17.790700,	-8.844220,	-46.656700,	-72.837300,	-98.687300,	-74.762200,	26.408000,	-129.073000,	-118.956000,	NaN,	-70.511000,	-75.807700,	2.230590,	-69.219200,	-49.801000,	-124.348000,	-53.747100,	-36.432700,	-36.978700,	-4.906400,	7.284610,	NaN,	-82.010000,	5.527810,	-117.200000,	-110.560000,	-8.685210,	-55.483500,	-34.602400,	-4.283650,	-15.380900,	-29.492400,	-56.181900,	-95.409500,	-80.823200,	-24.669000,	-31.296800,	-52.053300,	12.141500,	-27.875000,	-90.490800,	NaN,	NaN,	NaN,	-22.111900,	-46.720600,	NaN,	-48.514600,	-2.145480,	-48.453300,	-62.941700,	-60.066800,	-49.884400,	-44.170600,	-32.557700,	-51.398400,	-105.847000,	NaN,	-93.327500,	-49.956100,	-4.727290,	-100.804000,	-71.960900,	-141.830000,	-174.899000,	-43.039300,	-61.169800,	2.078830,	7.897520,	NaN,	-116.301000,	-28.612800,	-39.461700,	-71.392300,	-18.992500,	21.024600,	-8.004780,	-24.212900,	-5.100100,	-1.750330,	-54.491700,	-33.948700,	-86.435700,	-85.561400,	-49.950100,	-45.725500,	-21.072200,	-9.309390,	-12.720700,	-8.161670,	-13.052300,	17.802500,	-28.076200,	-113.457000,	-117.968000,	-13.037900
20.586600,	-49.908500,	-39.399900,	-88.393000,	NaN,	-152.506000,	-82.987000,	-144.308000,	-29.220800,	21.527000,	NaN,	-54.833500,	-45.025700,	NaN,	3.794660,	10.080000,	-30.941700,	-55.767200,	-87.026700,	-96.754200,	-96.548900,	7.842480,	-155.656000,	-177.869000,	NaN,	-89.769700,	-72.034500,	-4.637260,	-56.523300,	-33.615000,	-74.413700,	-47.964000,	-52.544100,	-25.776100,	-2.871560,	-7.907710,	NaN,	-102.986000,	-14.500700,	-159.059000,	-144.847000,	-13.869900,	-53.932800,	-37.406300,	6.519190,	-15.976800,	-32.228900,	-67.701500,	-127.491000,	-80.704300,	-24.943300,	-30.320200,	-68.435700,	-7.518340,	-33.468800,	-101.243000,	NaN,	NaN,	NaN,	-15.890500,	-18.229100,	NaN,	-16.579400,	0.810046,	-60.359100,	-47.600200,	-70.520100,	-38.758300,	-44.024900,	-37.720100,	-71.028000,	-140.405000,	NaN,	-104.080000,	-50.370300,	-0.655735,	-83.544600,	-53.983000,	-125.115000,	-173.314000,	-76.350400,	-48.707200,	2.836070,	6.811930,	NaN,	-106.187000,	-38.131000,	-53.309500,	-104.928000,	-24.112800,	11.915700,	-10.351100,	-2.763870,	9.263830,	-10.655700,	-68.695400,	-46.409800,	-95.747900,	-99.580300,	-36.557200,	-32.616800,	-10.375700,	-4.553850,	-8.864740,	-8.286710,	-15.509000,	1.592630,	-16.172100,	-129.874000,	-141.131000,	-15.525300
22.728800,	-20.047800,	-24.089100,	-88.611200,	NaN,	-141.334000,	-82.020600,	-103.335000,	-20.908800,	35.196000,	NaN,	-35.564700,	-63.714400,	NaN,	-3.120530,	3.303010,	-43.399400,	-54.692300,	-85.158900,	-53.839400,	-95.402600,	-22.200400,	-133.748000,	-179.856000,	NaN,	-81.892500,	-27.636800,	-17.323700,	-18.943300,	0.389075,	-9.700260,	-20.422600,	-62.849500,	-2.747970,	-1.606510,	-27.425500,	NaN,	-97.380700,	-23.697800,	-156.036000,	-146.126000,	-1.606090,	-28.835400,	-30.215700,	25.478800,	-22.319400,	-22.851900,	-61.834000,	-129.174000,	-83.096300,	-5.130630,	-19.513100,	-72.980100,	-50.138200,	-43.428200,	-83.675500,	NaN,	NaN,	NaN,	2.500260,	-5.052210,	NaN,	1.873110,	-1.172080,	-56.006600,	-24.442000,	-58.640800,	-20.407400,	-39.833000,	-55.821700,	-74.359600,	-149.521000,	NaN,	-87.692000,	-25.810600,	-17.288600,	-30.160200,	-18.179400,	-74.183800,	-114.610000,	-99.455200,	-11.643800,	-1.715630,	1.543000,	NaN,	-67.207300,	-31.292900,	-49.854600,	-104.044000,	-9.371560,	3.756110,	-7.181410,	16.533300,	14.978800,	-15.143800,	-64.576500,	-60.395200,	-78.116000,	-84.937800,	-3.215540,	-3.709410,	0.286905,	-2.031860,	-2.435910,	-1.602340,	-11.255800,	-4.066930,	-7.612950,	-100.497000,	-116.358000,	-18.239900
10.902100,	5.963860,	0.598236,	-67.344900,	NaN,	-84.340400,	-63.900300,	-38.206300,	-12.072700,	30.297100,	NaN,	-23.119900,	-88.136200,	NaN,	-24.482000,	-0.129120,	-52.005700,	-48.470400,	-64.598500,	-4.721970,	-85.669800,	-47.539700,	-90.378600,	-135.266000,	NaN,	-55.019500,	20.670700,	-28.049400,	27.518700,	36.630700,	32.992100,	3.365430,	-51.597800,	14.801900,	-6.265720,	-47.011500,	NaN,	-79.027100,	-21.517500,	-128.141000,	-124.041000,	20.621600,	3.398090,	-16.795100,	35.482200,	-28.325600,	-23.145900,	-50.609100,	-109.605000,	-78.697200,	25.402000,	-3.146620,	-58.635600,	-80.810000,	-45.335600,	-45.404200,	NaN,	NaN,	NaN,	12.836300,	-23.657200,	NaN,	-1.350320,	-6.161800,	-41.623500,	-8.705460,	-32.425200,	-12.092700,	-29.474100,	-81.947700,	-63.095800,	-111.507000,	NaN,	-57.991400,	4.713900,	-40.594900,	29.960500,	14.685500,	-11.347400,	-41.005900,	-104.292000,	27.237400,	-12.839500,	-9.035290,	NaN,	-17.688100,	-19.637900,	-32.397900,	-74.753300,	18.041100,	-1.926720,	-3.698110,	13.556300,	4.118750,	-21.690200,	-49.046200,	-73.458500,	-57.908700,	-57.375100,	15.765500,	10.076000,	3.513330,	-8.016390,	-1.584010,	4.524070,	-4.768780,	4.635260,	-13.481900,	-38.269800,	-51.589400,	-17.846500
-2.991430,	12.359200,	17.850000,	-43.231400,	NaN,	-9.840180,	-38.149400,	19.334000,	-5.681020,	13.221700,	NaN,	-20.008200,	-107.057000,	NaN,	-55.468900,	-3.006780,	-61.154600,	-36.820500,	-34.734100,	10.700000,	-70.681600,	-60.754300,	-53.831300,	-79.807700,	NaN,	-27.633000,	34.057200,	-34.125200,	61.700200,	57.625000,	22.371000,	6.707780,	-24.472800,	16.912600,	-17.135400,	-60.198600,	NaN,	-65.713100,	-11.104500,	-98.041200,	-93.913700,	34.307000,	25.737900,	-8.311060,	28.775500,	-30.866800,	-32.331000,	-42.077300,	-87.965000,	-61.247600,	46.671400,	7.566480,	-30.094700,	-72.001200,	-35.399100,	-4.082520,	NaN,	NaN,	NaN,	9.138400,	-59.025000,	NaN,	-12.570300,	-7.663160,	-29.045500,	-10.360300,	-13.954000,	-22.147100,	-22.676600,	-96.997600,	-46.817500,	-37.796700,	NaN,	-33.863100,	18.275800,	-52.973800,	66.789000,	29.965700,	19.387600,	-3.711240,	-93.175400,	43.076800,	-25.538700,	-19.941200,	NaN,	13.615100,	-14.399100,	-14.234100,	-33.249200,	39.438700,	-6.496300,	-7.097560,	-5.599250,	-18.042200,	-29.490300,	-36.978200,	-82.139400,	-47.987400,	-32.731400,	3.529020,	-10.919400,	-1.860650,	-22.112200,	-8.229950,	1.833100,	-6.661330,	13.928700,	-29.254800,	24.878200,	17.798200,	-17.292700
-9.698400,	1.216290,	21.391200,	-27.197400,	NaN,	68.187300,	-2.229860,	68.018300,	-4.870370,	-5.088610,	NaN,	-9.585040,	-107.413000,	NaN,	-77.101200,	-9.042110,	-73.464000,	-21.947300,	-5.395860,	-10.359800,	-48.631200,	-67.756400,	-30.205100,	-31.493500,	NaN,	-4.475570,	16.342800,	-37.194100,	70.884900,	57.281200,	-43.124600,	-9.963270,	-11.471800,	10.192700,	-26.469300,	-58.177300,	NaN,	-48.907200,	3.093810,	-62.510200,	-60.083100,	30.217100,	29.130500,	-14.405200,	8.330980,	-32.466000,	-32.511000,	-19.918200,	-73.413100,	-36.581500,	43.574300,	9.105260,	-0.254588,	-31.738200,	-20.677000,	25.650200,	NaN,	NaN,	NaN,	1.886080,	-81.597800,	NaN,	-15.379700,	-5.100430,	-17.408700,	-25.413900,	-7.087650,	-30.006300,	-26.829300,	-88.457200,	-25.804800,	37.831500,	NaN,	-16.338300,	12.834300,	-53.994800,	69.126500,	26.354500,	-6.937170,	-2.866040,	-76.922700,	35.315600,	-36.405000,	-25.689800,	NaN,	23.218200,	-14.522400,	2.019360,	16.209100,	39.685800,	-15.103800,	-16.498700,	-18.729200,	-34.625600,	-29.867500,	-24.226500,	-80.934800,	-32.639300,	-11.030900,	-26.394200,	-55.794000,	-9.918510,	-34.573100,	-15.398500,	-8.672490,	-20.833800,	9.696480,	-40.321000,	68.118300,	65.125700,	-22.015600
-7.658620,	-9.741380,	18.406400,	-12.418200,	NaN,	140.471000,	41.672900,	109.892000,	-6.227950,	-15.275500,	NaN,	11.776600,	-85.426000,	NaN,	-80.575300,	-13.971100,	-78.383600,	-8.015310,	20.160000,	-31.892000,	-21.318600,	-67.031500,	-5.101830,	14.859500,	NaN,	20.741200,	0.077814,	-38.274700,	58.320100,	44.078900,	-116.983000,	-29.446800,	-12.539200,	7.654870,	-23.284300,	-40.324600,	NaN,	-8.442550,	20.229900,	-7.872790,	-17.058400,	18.353700,	20.202900,	-24.519700,	-11.362900,	-35.522500,	-18.163700,	28.300000,	-57.685600,	-13.239500,	20.141500,	8.272750,	22.260300,	10.673800,	-6.182650,	43.167200,	NaN,	NaN,	NaN,	-4.507830,	-76.302000,	NaN,	-5.476580,	-1.224980,	5.915250,	-37.788400,	2.492530,	-19.472000,	-32.625100,	-74.858300,	3.036430,	103.956000,	NaN,	6.790700,	2.604000,	-53.457000,	50.584500,	13.845000,	-59.088600,	-3.233760,	-50.803100,	21.948200,	-44.558000,	-24.206600,	NaN,	40.566200,	-12.534900,	23.610700,	76.517900,	20.522300,	-28.614000,	-21.480300,	-20.270100,	-31.976100,	-20.195200,	9.474960,	-59.153100,	3.257950,	13.975500,	-52.615300,	-90.064800,	-13.779700,	-33.715900,	-15.370600,	-17.991500,	-36.730500,	-4.506440,	-37.839500,	91.811900,	96.875800,	-30.340900
1.124490,	-3.084420,	16.572900,	12.572000,	NaN,	184.038000,	73.956500,	125.906000,	1.218600,	-10.648200,	NaN,	31.404500,	-47.552200,	NaN,	-64.026100,	-10.011500,	-52.580300,	6.027380,	41.350700,	-24.621500,	5.052190,	-47.623500,	36.179500,	57.917900,	NaN,	49.672900,	2.376060,	-34.478200,	36.786900,	31.947500,	-139.093000,	-23.542900,	6.610090,	10.628700,	-4.151990,	-13.538300,	NaN,	56.164400,	42.141900,	63.303800,	40.110800,	10.553600,	14.044100,	-14.172900,	-16.859700,	-33.989500,	3.776360,	79.603800,	-22.033900,	9.478550,	-5.279600,	9.358580,	35.591700,	33.599300,	6.578620,	54.674600,	NaN,	NaN,	NaN,	-8.026410,	-38.517200,	NaN,	20.485600,	3.363920,	39.100500,	-33.787000,	14.788200,	-0.317123,	-26.636100,	-72.710500,	34.808100,	171.489000,	NaN,	39.347200,	-2.142930,	-50.768900,	32.495300,	5.502160,	-75.020700,	15.473800,	-3.107400,	17.813200,	-47.984300,	-13.700000,	NaN,	87.585800,	-2.204260,	46.186000,	144.026000,	-3.843010,	-38.546900,	-11.559300,	-17.730500,	-9.526550,	-5.455520,	61.604500,	-14.985900,	51.461200,	43.263900,	-61.454600,	-88.391700,	-9.143370,	-17.704100,	-7.007040,	-19.008500,	-39.337800,	-11.362400,	-19.998500,	102.774000,	129.301000,	-33.597600
10.371600,	22.030100,	11.228700,	43.365500,	NaN,	164.856000,	67.092600,	94.781200,	17.630100,	12.772900,	NaN,	33.540000,	-9.730410,	NaN,	-29.807100,	2.044860,	9.568140,	21.364400,	51.362100,	4.430060,	23.890800,	-12.946200,	79.969100,	82.979100,	NaN,	71.085000,	12.587300,	-24.124800,	10.616600,	24.145100,	-93.062200,	14.357500,	54.904300,	9.292960,	22.037100,	14.486400,	NaN,	115.590000,	59.811200,	124.079000,	102.705000,	5.477140,	13.380900,	19.488000,	-8.921990,	-21.131100,	27.735800,	102.264000,	39.578900,	38.682100,	-18.836900,	11.168000,	38.050700,	34.972700,	8.205560,	59.470800,	NaN,	NaN,	NaN,	-4.695620,	28.081000,	NaN,	54.942600,	6.321670,	62.876000,	-12.638400,	13.933800,	16.257200,	-12.785700,	-58.513000,	58.532600,	224.106000,	NaN,	71.102200,	-0.707969,	-39.467200,	16.908000,	3.096430,	-28.332700,	49.161900,	58.140000,	17.213800,	-43.335900,	4.242670,	NaN,	142.945000,	17.749200,	54.799000,	205.672000,	-20.904900,	-35.240600,	10.987600,	-12.123700,	17.438900,	9.730020,	101.257000,	36.889400,	83.171400,	67.547000,	-48.820900,	-55.106200,	3.642770,	5.224670,	5.484320,	-11.064100,	-25.586100,	-2.821520,	2.987520,	103.703000,	152.808000,	-26.329300
12.408900,	45.399300,	-6.658890,	57.371000,	NaN,	60.967900,	8.251090,	18.647900,	28.943600,	48.004300,	NaN,	13.476200,	11.784900,	NaN,	14.736300,	12.114000,	68.084500,	32.161800,	43.992100,	29.527900,	25.665100,	17.776200,	89.455000,	74.487100,	NaN,	68.249800,	13.139000,	-9.270500,	-24.854300,	9.653120,	-10.835800,	55.555100,	95.245300,	-4.771350,	47.054700,	36.961300,	NaN,	131.101000,	57.289800,	137.031000,	138.586000,	-6.422630,	8.564880,	53.456700,	4.518660,	-1.561760,	51.452400,	91.343900,	101.559000,	67.316800,	-22.230900,	8.968830,	24.207300,	13.737600,	-10.653100,	45.976300,	NaN,	NaN,	NaN,	3.261610,	104.284000,	NaN,	74.699400,	3.824410,	59.766100,	16.733900,	-2.250300,	29.677300,	-4.047670,	-4.769450,	66.146500,	212.308000,	NaN,	88.989000,	2.752510,	-20.264600,	-9.541360,	-1.859380,	53.124400,	80.951900,	103.903000,	3.364300,	-24.869200,	22.361200,	NaN,	163.237000,	37.099800,	41.801900,	235.870000,	-31.074300,	-20.441600,	32.737700,	-0.152111,	32.535400,	23.093300,	107.530000,	80.133100,	70.610200,	68.295600,	-19.231700,	-11.201000,	18.515700,	25.416100,	16.125400,	0.516076,	-3.736740,	11.214000,	18.389800,	86.903500,	138.330000,	-11.156400
7.923640,	40.339600,	-34.598900,	39.958900,	NaN,	-106.679000,	-82.434000,	-73.022600,	26.928300,	75.378000,	NaN,	-18.459000,	10.025500,	NaN,	60.258500,	11.363600,	75.428900,	31.274700,	23.872500,	35.339500,	3.491420,	37.057500,	45.127000,	37.389500,	NaN,	35.894100,	0.488540,	6.847510,	-65.349700,	-18.436000,	78.805900,	71.630000,	100.721000,	-28.795900,	65.818900,	48.755100,	NaN,	88.165100,	30.035600,	88.250100,	118.199000,	-27.661600,	-4.776950,	72.525500,	16.740100,	11.765600,	65.294300,	61.054300,	126.584000,	75.592200,	-26.404200,	-0.451790,	-5.081770,	-28.847900,	-38.848800,	12.660100,	NaN,	NaN,	NaN,	2.038590,	154.779000,	NaN,	65.127200,	-2.419810,	27.167000,	41.305100,	-17.717400,	34.665300,	-5.607520,	69.501900,	53.992500,	117.846000,	NaN,	83.502600,	3.800980,	2.595920,	-45.244600,	-12.911300,	131.817000,	83.030400,	117.705000,	-29.325400,	2.848910,	30.583500,	NaN,	129.115000,	39.136800,	14.781500,	203.187000,	-42.007900,	-9.328000,	46.406900,	9.243660,	32.319200,	29.096400,	88.021300,	105.049000,	14.913100,	35.296200,	12.713500,	20.737600,	25.687900,	33.626300,	17.206800,	6.687390,	16.367800,	15.178200,	21.583200,	45.132100,	76.100300,	5.995580
7.146550,	1.013860,	-56.529900,	3.932080,	NaN,	-253.963000,	-155.451000,	-133.467000,	14.250300,	80.032700,	NaN,	-41.548900,	-2.751110,	NaN,	94.285700,	-0.738550,	35.033400,	21.279200,	1.157690,	20.062400,	-34.278700,	54.879700,	-23.423900,	-1.295640,	NaN,	-10.103400,	-12.455700,	21.174600,	-88.059200,	-47.351200,	153.906000,	61.716400,	80.497300,	-45.889700,	69.238300,	44.576100,	NaN,	14.946700,	-4.530990,	10.644800,	55.397800,	-47.785300,	-18.385700,	74.578500,	20.508900,	14.009100,	55.739400,	20.574200,	106.340000,	57.163400,	-30.524500,	-14.079700,	-32.804500,	-67.433900,	-48.978000,	-18.549500,	NaN,	NaN,	NaN,	-16.081200,	153.406000,	NaN,	40.243100,	-4.965860,	-19.540500,	51.020100,	-23.865400,	22.869700,	-13.022500,	114.454000,	28.689300,	-0.488156,	NaN,	52.758600,	2.690950,	28.152100,	-63.205300,	-21.622200,	173.866000,	35.858900,	103.611000,	-61.042500,	22.622400,	22.068500,	NaN,	57.348900,	18.803100,	-12.532000,	109.125000,	-51.226300,	-12.916000,	49.275500,	4.032890,	21.226900,	23.871900,	53.003300,	103.331000,	-46.118100,	-12.956500,	31.903700,	28.218700,	20.851400,	25.141600,	6.379120,	2.296440,	26.686300,	6.937930,	19.132200,	-4.383010,	0.923497,	19.036500
15.006000,	-50.526400,	-59.567400,	-19.732400,	NaN,	-291.061000,	-165.561000,	-130.150000,	-7.405170,	61.053200,	NaN,	-40.460700,	-3.615690,	NaN,	101.440000,	-13.710400,	-8.248250,	10.416500,	-16.616200,	-4.641910,	-60.231900,	67.605300,	-62.697500,	-10.438700,	NaN,	-41.052300,	-13.437300,	31.123700,	-73.433300,	-58.841600,	176.257000,	37.025600,	49.589700,	-38.358400,	51.103600,	26.907100,	NaN,	-37.842900,	-23.582200,	-40.925000,	-1.583870,	-57.679400,	-25.448700,	55.071400,	5.134760,	11.589500,	24.776200,	-18.825100,	73.314400,	33.180600,	-22.612800,	-21.578500,	-34.881400,	-69.502600,	-26.404400,	-22.705000,	NaN,	NaN,	NaN,	-40.227500,	111.825000,	NaN,	20.148500,	-3.674870,	-52.306000,	43.727100,	-23.270100,	2.924300,	-20.977200,	106.350000,	9.813720,	-66.436800,	NaN,	9.718760,	3.222370,	53.931500,	-46.019800,	-19.762000,	151.084000,	-34.029800,	70.425200,	-60.160600,	15.604900,	1.044000,	NaN,	-19.407200,	-9.181650,	-29.099400,	4.455930,	-46.181000,	-26.758600,	36.956500,	-13.328200,	4.059020,	12.815100,	8.445030,	77.687900,	-69.768000,	-41.367100,	36.811800,	17.957400,	11.059900,	4.374690,	-9.314240,	-7.721150,	25.245200,	-3.596370,	18.854000,	-29.621000,	-41.593000,	24.796400
25.095100,	-86.810100,	-45.632000,	-16.918900,	NaN,	-209.856000,	-113.106000,	-77.727800,	-35.651800,	26.560500,	NaN,	-24.152300,	12.392700,	NaN,	66.142600,	-16.863500,	-29.982500,	-1.139960,	-28.285300,	-27.636700,	-57.177600,	56.551000,	-57.799100,	9.710410,	NaN,	-41.846900,	-9.558380,	32.355900,	-40.245600,	-60.228800,	118.167000,	1.350840,	8.211730,	-9.741130,	15.837000,	3.890490,	NaN,	-39.486400,	-23.762900,	-47.590800,	-27.205700,	-59.940900,	-31.409400,	5.025320,	-30.992300,	5.804370,	-14.411300,	-39.109600,	59.988800,	21.415600,	-3.215870,	-18.432300,	-7.585950,	-38.751300,	11.004100,	-9.016690,	NaN,	NaN,	NaN,	-52.183000,	62.522800,	NaN,	4.149550,	-5.997200,	-50.870700,	23.134000,	-16.678700,	-5.079380,	-25.560600,	61.786300,	11.037600,	-69.120800,	NaN,	-24.820100,	3.754970,	68.565800,	-18.938100,	-16.100600,	64.074300,	-76.194700,	25.429300,	-17.942400,	-13.431200,	-19.185500,	NaN,	-75.231800,	-29.691800,	-31.962100,	-60.735500,	-26.246300,	-41.799200,	6.233900,	-28.589000,	-17.181000,	-0.882135,	-31.543500,	48.339400,	-53.010300,	-39.910900,	33.667700,	5.169600,	4.680760,	-20.464500,	-22.397500,	-15.010000,	14.502900,	-12.114300,	15.266700,	-24.551300,	-46.272700,	24.147500
29.020500,	-101.395000,	-28.316700,	-6.016570,	NaN,	-96.040500,	-40.651200,	-29.727200,	-65.524500,	-6.602450,	NaN,	-18.102500,	26.837500,	NaN,	-4.863680,	-10.743300,	-46.279200,	-17.050600,	-37.492700,	-51.639300,	-37.421000,	24.051800,	-44.740100,	23.258700,	NaN,	-28.343500,	-21.442200,	22.607600,	-24.244900,	-69.168400,	2.274700,	-43.726900,	-36.323300,	17.159800,	-24.628200,	-17.038500,	NaN,	-5.367390,	-17.772300,	-37.340700,	-42.379300,	-62.659900,	-42.403000,	-64.369000,	-74.398900,	-7.954570,	-54.500100,	-38.484100,	60.015900,	15.679400,	11.249100,	-12.755400,	28.609200,	-5.168280,	36.870100,	-3.036460,	NaN,	NaN,	NaN,	-51.139400,	27.306800,	NaN,	-10.265200,	-12.994800,	-24.663800,	0.188547,	-7.274900,	-3.440030,	-23.011700,	1.634420,	18.355800,	-62.571800,	NaN,	-43.667900,	-3.598760,	65.477300,	-17.719900,	-23.502800,	-43.884900,	-80.156300,	-16.630600,	36.645100,	-40.343800,	-30.337400,	NaN,	-103.508000,	-43.312700,	-29.192400,	-91.003000,	-6.744600,	-52.398500,	-31.764100,	-35.359900,	-33.332000,	-19.066400,	-53.154000,	32.168200,	-28.144300,	-32.608300,	20.348800,	-6.262090,	0.762367,	-38.604700,	-30.024600,	-18.158200,	-2.812650,	-21.218600,	-0.466655,	-25.288000,	-50.472700,	20.947200
23.411600,	-103.259000,	-18.487000,	-9.620530,	NaN,	-27.787200,	14.816400,	-15.400800,	-91.038300,	-24.389500,	NaN,	-27.860900,	28.368100,	NaN,	-75.485800,	-5.577730,	-64.815700,	-32.239800,	-49.242200,	-82.101100,	-22.720400,	-5.347750,	-57.597300,	11.820400,	NaN,	-26.223200,	-50.447300,	3.860770,	-34.660800,	-85.375800,	-108.976000,	-83.989500,	-72.904900,	28.956500,	-53.165900,	-26.743400,	NaN,	24.294800,	-11.486400,	-29.934600,	-64.439500,	-66.152800,	-48.823000,	-117.900000,	-99.627600,	-28.493000,	-87.816500,	-40.087900,	49.916400,	-1.921390,	9.402110,	-15.595200,	54.179900,	6.390180,	46.594300,	-13.656600,	NaN,	NaN,	NaN,	-46.406600,	9.467880,	NaN,	-19.674700,	-15.587800,	-3.633180,	-13.729300,	-7.259190,	-13.941700,	-15.650800,	-66.194400,	6.798740,	-88.583400,	NaN,	-59.230600,	-20.450800,	50.150500,	-36.494400,	-35.425900,	-125.237000,	-75.318400,	-46.283600,	67.818700,	-46.833300,	-31.802500,	NaN,	-115.100000,	-54.811900,	-33.053800,	-117.771000,	-2.148450,	-54.985100,	-60.858800,	-35.339600,	-37.526900,	-42.992800,	-64.322800,	24.728300,	-13.639300,	-36.566200,	0.692170,	-16.676400,	-6.636770,	-44.607800,	-32.865500,	-22.603500,	-16.319000,	-34.171700,	-24.188200,	-56.215800,	-77.084000,	15.324300
10.291000,	-99.204300,	-13.988900,	-25.084000,	NaN,	3.120660,	46.794500,	-13.833300,	-102.181000,	-25.137100,	NaN,	-38.730700,	18.088100,	NaN,	-120.984000,	-8.447180,	-77.861800,	-37.381400,	-65.004200,	-110.570000,	-22.250400,	-16.708900,	-93.503500,	-5.997630,	NaN,	-32.072000,	-71.849700,	-21.108900,	-49.972700,	-91.350400,	-173.579000,	-105.804000,	-103.624000,	30.020200,	-64.799300,	-19.984900,	NaN,	31.741200,	-5.480640,	-25.779600,	-80.432100,	-61.571400,	-40.417400,	-125.411000,	-95.469200,	-43.539900,	-102.243000,	-51.974900,	24.625500,	-28.106200,	1.439370,	-25.470100,	70.672200,	3.889220,	56.801300,	-25.322300,	NaN,	NaN,	NaN,	-41.195700,	-1.524350,	NaN,	-22.406100,	-8.929530,	-1.971120,	-16.166800,	-22.817100,	-32.612400,	-13.212400,	-124.975000,	-22.338500,	-130.900000,	NaN,	-77.059500,	-36.787800,	27.919200,	-43.799600,	-36.509800,	-169.408000,	-81.113700,	-71.568500,	66.375100,	-40.752500,	-28.509400,	NaN,	-121.956000,	-61.406700,	-42.566700,	-143.811000,	-6.553400,	-45.658100,	-69.912100,	-28.946800,	-31.360000,	-61.687700,	-77.383400,	8.640040,	-4.989320,	-41.847700,	-18.581900,	-28.477600,	-20.080300,	-41.593800,	-32.588200,	-29.872500,	-20.126300,	-45.110500,	-45.520400,	-91.844700,	-107.357000,	4.269520
-5.287670,	-89.184700,	-7.898330,	-33.444900,	NaN,	39.630300,	68.710400,	3.090050,	-91.797500,	-16.563800,	NaN,	-39.852700,	1.078280,	NaN,	-127.592000,	-17.836600,	-75.494300,	-32.363300,	-76.572600,	-116.074000,	-27.970400,	-14.514100,	-128.010000,	-7.817140,	NaN,	-29.473800,	-64.488700,	-43.660400,	-52.483600,	-81.505400,	-189.607000,	-109.773000,	-134.930000,	29.637300,	-63.494900,	-1.735020,	NaN,	28.091800,	-2.182980,	-20.057100,	-81.036400,	-42.526600,	-24.574600,	-87.067500,	-73.619700,	-41.747000,	-92.134700,	-58.301100,	-2.499520,	-42.919400,	2.111950,	-32.190400,	86.105500,	7.777220,	78.748000,	-25.396900,	NaN,	NaN,	NaN,	-35.406100,	-20.258800,	NaN,	-24.992000,	1.772480,	-6.818280,	-11.693300,	-38.623200,	-29.591700,	-16.752300,	-149.594000,	-43.602700,	-158.622000,	NaN,	-84.155200,	-42.727000,	2.348590,	-31.783900,	-27.464800,	-188.930000,	-79.433000,	-100.007000,	48.017100,	-40.424900,	-25.329300,	NaN,	-120.678000,	-57.812600,	-43.027900,	-155.759000,	-6.723190,	-27.056900,	-58.454200,	-20.212500,	-20.697200,	-64.323400,	-87.220000,	-17.888400,	6.914930,	-36.713600,	-32.760200,	-41.078400,	-34.710500,	-35.962000,	-30.965600,	-34.715200,	-16.794000,	-46.039100,	-56.455800,	-100.684000,	-118.230000,	-9.796290
-16.045300,	-63.788500,	5.434280,	-20.061200,	NaN,	94.786300,	89.464600,	34.321100,	-55.841200,	-6.880970,	NaN,	-30.066900,	-13.559000,	NaN,	-90.621600,	-26.308600,	-47.618900,	-22.781700,	-69.868900,	-86.199700,	-23.724100,	-1.801060,	-134.032000,	4.051770,	NaN,	-19.460900,	-35.414600,	-50.724600,	-39.118300,	-60.733900,	-157.926000,	-97.787600,	-150.309000,	33.130700,	-50.912700,	19.234200,	NaN,	23.787000,	-2.030630,	-10.572300,	-75.263300,	-10.117600,	-13.557900,	-27.460100,	-49.450100,	-26.754700,	-65.694700,	-51.839000,	-20.853800,	-31.233600,	10.102600,	-29.396500,	96.915800,	29.790100,	100.702000,	-13.851200,	NaN,	NaN,	NaN,	-27.585900,	-46.402500,	NaN,	-30.915400,	9.969020,	-1.474920,	-3.423930,	-36.532700,	3.728660,	-15.794600,	-127.114000,	-43.794200,	-157.348000,	NaN,	-71.864600,	-40.230500,	-15.440900,	-16.668300,	-18.987100,	-178.613000,	-53.758100,	-116.839000,	29.500800,	-47.201100,	-18.444100,	NaN,	-99.500000,	-40.410200,	-23.754800,	-156.460000,	0.163961,	-6.714770,	-32.142100,	-14.837800,	-8.785140,	-55.345100,	-82.985300,	-39.445800,	21.634400,	-24.242000,	-36.824100,	-42.626300,	-41.045100,	-29.289700,	-26.396000,	-29.555700,	-7.275680,	-36.168700,	-53.202900,	-85.588100,	-109.583000,	-17.295100
-12.722600,	-12.463500,	20.314900,	10.422300,	NaN,	146.273000,	105.809000,	59.350000,	-2.390240,	-0.557858,	NaN,	-12.263200,	-13.654900,	NaN,	-24.088500,	-28.009600,	8.393790,	-9.985750,	-42.213800,	-31.256200,	1.540000,	18.946500,	-93.734000,	13.021600,	NaN,	-15.178800,	-9.638120,	-37.728200,	-14.326100,	-32.226600,	-77.848900,	-69.422100,	-131.075000,	38.703500,	-30.894700,	36.044200,	NaN,	13.271100,	-1.935710,	5.802420,	-63.108300,	22.982400,	-5.563650,	23.132400,	-28.173500,	-9.608600,	-35.436300,	-46.800400,	-26.643300,	2.483680,	12.457200,	-20.263300,	94.311700,	62.154700,	99.961000,	1.602160,	NaN,	NaN,	NaN,	-10.360700,	-59.299800,	NaN,	-31.547600,	14.055500,	11.873200,	11.742100,	-20.673900,	40.044800,	-6.246770,	-67.114300,	-33.323800,	-121.317000,	NaN,	-48.896700,	-36.856900,	-14.221200,	-6.346080,	-11.510500,	-127.421000,	-22.612700,	-106.127000,	18.301600,	-44.508600,	-1.166020,	NaN,	-60.250400,	-7.698450,	8.180880,	-150.640000,	5.879540,	11.132900,	-3.231030,	-7.087430,	3.229330,	-42.122000,	-71.704800,	-47.017800,	34.383100,	-9.811960,	-22.407700,	-18.309200,	-32.497300,	-18.590200,	-14.231200,	-13.713200,	9.290600,	-23.049500,	-35.517600,	-61.809200,	-87.686700,	-13.789100
4.951700,	57.114100,	21.842000,	39.976100,	NaN,	167.997000,	106.946000,	67.367600,	42.682300,	-1.543910,	NaN,	8.352020,	8.602080,	NaN,	35.826800,	-24.963700,	67.156100,	6.275810,	-8.664660,	25.411400,	45.400700,	30.762200,	-16.579600,	18.036000,	NaN,	-14.466400,	-0.624702,	-11.887500,	13.589400,	-0.034236,	19.043500,	-33.151100,	-89.822500,	39.262100,	-9.426350,	44.974300,	NaN,	-2.785130,	-6.072210,	30.500800,	-27.599700,	37.575900,	4.954200,	46.537600,	-10.557700,	6.560590,	-4.955520,	-47.283200,	-13.847500,	38.478900,	0.810700,	-11.231900,	79.615200,	81.430700,	71.440700,	14.923000,	NaN,	NaN,	NaN,	18.053500,	-39.330100,	NaN,	-24.290200,	13.852000,	21.776400,	38.509100,	-6.311210,	57.310700,	3.441450,	5.119270,	-22.380600,	-57.505200,	NaN,	-23.252700,	-32.323700,	5.165980,	2.899570,	1.413300,	-53.562900,	3.869040,	-78.610700,	17.709800,	-23.899800,	22.262900,	NaN,	-14.044800,	31.748200,	38.558300,	-122.031000,	-0.505634,	21.333500,	15.668400,	12.244900,	16.394700,	-18.760400,	-65.452900,	-44.677500,	43.623300,	8.814570,	11.334400,	23.438600,	-11.579600,	-8.782430,	3.465740,	1.832560,	24.604500,	-16.064700,	-8.065600,	-29.733600,	-52.793100,	-3.739910
20.575300,	108.055000,	4.174620,	52.620800,	NaN,	144.483000,	85.259300,	57.546500,	53.881800,	-13.984500,	NaN,	15.558800,	45.514300,	NaN,	49.282100,	-20.315700,	84.806400,	18.834400,	14.006900,	61.321200,	87.292100,	20.162200,	55.985200,	32.103000,	NaN,	-1.403710,	-6.616360,	14.991900,	29.056600,	18.876000,	82.217600,	-8.789350,	-57.674300,	29.778600,	5.433630,	38.378200,	NaN,	-9.644250,	-23.436200,	49.079900,	29.045500,	22.004100,	13.233300,	35.921000,	-4.337280,	24.259100,	16.970900,	-37.623800,	17.870400,	56.522700,	-22.683200,	-5.326200,	62.676300,	67.508100,	34.151800,	26.111000,	NaN,	NaN,	NaN,	38.401900,	3.946900,	NaN,	-26.198600,	9.453950,	24.364200,	68.793900,	6.399560,	54.098400,	4.672470,	61.089700,	-9.782990,	8.842470,	NaN,	7.536490,	-22.843800,	31.702000,	6.830770,	16.166000,	9.376000,	36.872000,	-56.587400,	27.155800,	2.886630,	34.553200,	NaN,	30.266600,	51.803300,	58.036600,	-59.771500,	-22.355600,	13.032700,	17.036200,	32.410200,	29.790600,	16.252000,	-61.382600,	-35.819400,	44.565300,	28.554600,	45.300500,	47.638600,	9.471230,	-10.539700,	14.686500,	3.738300,	25.577500,	-20.734200,	13.036900,	12.417200,	-9.279370,	7.311980
15.820400,	96.354200,	-16.081200,	41.020800,	NaN,	77.069900,	49.424800,	31.776700,	29.241200,	-35.510300,	NaN,	-9.080540,	74.237200,	NaN,	-0.886673,	-18.159200,	44.486300,	19.820700,	21.574900,	62.556700,	97.430600,	1.191000,	84.675800,	54.258600,	NaN,	24.318900,	-22.467000,	35.458700,	21.284400,	7.493330,	85.143700,	-5.533540,	-38.727700,	13.810400,	4.596650,	11.935500,	NaN,	-0.175289,	-48.720800,	44.730800,	77.265100,	-12.216300,	13.516700,	-1.559430,	-18.588500,	38.299800,	10.272800,	-13.781900,	54.441200,	48.630300,	-47.216100,	-2.209420,	54.313100,	30.455500,	13.914300,	40.632100,	NaN,	NaN,	NaN,	27.459200,	37.691100,	NaN,	-45.742700,	6.199050,	20.152000,	80.530300,	24.926900,	29.962400,	1.842300,	79.735900,	3.977770,	53.564100,	NaN,	40.268200,	-11.131100,	58.780100,	1.424560,	22.508700,	41.560000,	75.348400,	-42.885600,	41.251300,	18.051600,	22.961700,	NaN,	64.414100,	30.857500,	61.135200,	7.553060,	-47.748200,	-17.157800,	3.102940,	28.063500,	37.814100,	41.076300,	-49.946500,	-18.451400,	35.003800,	38.162500,	52.760900,	26.797900,	17.869900,	-22.506100,	13.232600,	-6.825640,	8.787070,	-34.826400,	12.862600,	47.275400,	25.371600,	16.750300
-5.069110,	18.385700,	-18.803500,	13.198300,	NaN,	-0.241030,	29.843200,	6.484580,	-6.842980,	-58.337000,	NaN,	-52.231100,	82.011100,	NaN,	-89.728800,	-21.124100,	-15.985400,	11.681200,	21.285700,	34.229200,	68.338200,	-4.367500,	70.171000,	72.759200,	NaN,	45.897600,	-37.999600,	46.919000,	8.464270,	-19.180800,	47.562000,	-7.968350,	-16.378300,	9.025970,	-13.506300,	-17.412900,	NaN,	12.324200,	-60.823000,	28.753700,	98.362300,	-38.612800,	9.709350,	-42.963100,	-47.115000,	40.722800,	-21.368000,	6.648910,	80.877800,	22.829400,	-56.337000,	0.624431,	59.264300,	0.173812,	21.187500,	61.476500,	NaN,	NaN,	NaN,	-5.860320,	42.207800,	NaN,	-72.804200,	10.713600,	8.541090,	60.686600,	42.729100,	-10.413600,	4.689300,	70.309000,	13.767900,	75.354100,	NaN,	61.141000,	-2.213430,	82.195200,	3.511700,	24.847500,	46.142900,	108.291000,	-25.965100,	56.754700,	14.272000,	-1.632510,	NaN,	84.354700,	-14.156800,	47.332000,	43.912200,	-55.439300,	-49.554000,	-17.288000,	-1.226220,	31.466100,	37.362400,	-34.554000,	5.605390,	26.937800,	37.648900,	29.719300,	-20.942700,	13.170800,	-27.396400,	9.883100,	-13.738900,	-11.992600,	-49.719000,	1.662110,	66.548600,	44.365800,	21.345300
-23.146500,	-71.217000,	-0.334774,	-6.409770,	NaN,	-26.418600,	51.017300,	12.353300,	-25.149500,	-72.171000,	NaN,	-71.702300,	84.591600,	NaN,	-154.833000,	-23.733400,	-47.750900,	5.342390,	25.871600,	1.308080,	30.851900,	2.826350,	49.867500,	79.769400,	NaN,	58.924100,	-38.413700,	48.548900,	22.132000,	-23.628900,	14.930400,	4.239680,	15.401100,	27.667800,	-35.507800,	-22.270100,	NaN,	15.906000,	-49.777100,	29.105100,	98.906900,	-38.026600,	14.058800,	-59.129900,	-66.412600,	36.359000,	-37.161200,	19.767000,	93.384200,	-5.446150,	-40.258100,	9.187190,	71.133100,	-10.980500,	45.167700,	83.008200,	NaN,	NaN,	NaN,	-27.311300,	25.762100,	NaN,	-88.188300,	19.714500,	-4.699690,	25.953700,	51.631500,	-38.411700,	16.195200,	67.945400,	23.252000,	89.217700,	NaN,	67.699500,	4.032480,	90.958600,	31.201200,	37.684000,	44.548400,	136.510000,	-0.259575,	73.119500,	3.615530,	-12.377800,	NaN,	95.136100,	-38.734100,	28.156200,	52.339500,	-34.813500,	-57.382500,	-30.848400,	-23.885800,	11.560200,	19.313800,	-15.363600,	32.004400,	37.437500,	41.197100,	0.534023,	-44.988600,	7.168170,	-13.800900,	15.441800,	-5.558350,	-18.973900,	-52.923400,	0.515601,	82.436500,	60.989400,	18.191400
-30.788700,	-102.678000,	26.542400,	7.999990,	NaN,	32.841900,	95.671300,	61.563900,	-13.689900,	-65.514500,	NaN,	-41.339600,	102.505000,	NaN,	-134.346000,	-16.339800,	-31.354700,	9.784660,	44.282000,	-8.412330,	23.758600,	10.109900,	61.025400,	80.165100,	NaN,	72.177800,	-11.092000,	42.934100,	64.874000,	9.970780,	14.348700,	34.991200,	51.106800,	54.540900,	-41.170500,	2.923230,	NaN,	19.303800,	-24.298700,	54.569500,	91.717000,	-12.479100,	32.883600,	-31.536000,	-52.948500,	39.491200,	-5.974210,	39.563800,	93.653600,	-18.211700,	-8.518720,	27.446000,	77.350400,	-12.268800,	66.855400,	102.786000,	NaN,	NaN,	NaN,	-19.227700,	12.825400,	NaN,	-67.709200,	22.716600,	-2.042870,	7.991210,	61.369200,	-24.352400,	37.750100,	94.709300,	42.002800,	100.773000,	NaN,	73.823000,	15.120200,	76.168700,	72.967000,	60.747900,	55.188100,	160.526000,	35.395900,	82.976500,	-0.360043,	4.223600,	NaN,	101.323000,	-19.939900,	21.769500,	56.271600,	0.642215,	-35.727900,	-24.774100,	-17.178900,	-4.936100,	16.050800,	18.591800,	59.534800,	66.229100,	56.253400,	-8.653140,	-20.962500,	9.312830,	12.995200,	27.274400,	11.570000,	-6.388510,	-37.264500,	14.029200,	98.462600,	84.087100,	12.074600
-29.430600,	-47.971400,	45.143800,	55.335800,	NaN,	140.266000,	119.836000,	120.337000,	17.287400,	-36.018800,	NaN,	19.387800,	126.046000,	NaN,	-19.404700,	1.576570,	28.420900,	28.425700,	74.713100,	22.413400,	57.171800,	15.796500,	118.988000,	74.796100,	NaN,	82.803400,	36.397600,	36.702900,	104.326000,	61.625000,	45.962200,	68.617100,	91.630600,	60.889500,	-22.196800,	30.164800,	NaN,	26.164700,	2.129150,	86.177000,	85.675100,	21.773700,	56.078300,	30.500400,	-10.120400,	53.005900,	55.226700,	63.326000,	86.226100,	1.458350,	21.161400,	47.366900,	65.812800,	3.214730,	70.970600,	117.150000,	NaN,	NaN,	NaN,	-0.796024,	12.763500,	NaN,	-3.733860,	18.544900,	22.983700,	24.104700,	77.004300,	30.498200,	69.898200,	134.283000,	67.736900,	110.873000,	NaN,	84.238300,	33.336600,	45.683900,	98.652800,	76.308000,	83.398900,	161.980000,	85.663600,	67.657000,	7.051180,	32.785000,	NaN,	98.567200,	24.757800,	32.658400,	62.232800,	32.726600,	1.148620,	-3.740080,	4.904070,	-13.082100,	28.278300,	67.254400,	91.007400,	88.009300,	72.634900,	6.499290,	33.891300,	17.104700,	39.030900,	33.747700,	26.677300,	15.259100,	-9.674420,	31.741500,	101.897000,	103.849000,	11.678300
-17.908600,	58.364800,	51.234200,	104.840000,	NaN,	204.440000,	93.141600,	129.946000,	46.294100,	2.466960,	NaN,	70.232600,	126.702000,	NaN,	121.402000,	19.744600,	110.131000,	58.055900,	98.901100,	81.765200,	102.116000,	22.275600,	194.529000,	57.941600,	NaN,	72.255900,	72.393500,	32.271800,	105.399000,	92.523300,	85.361200,	85.791800,	124.185000,	38.255300,	9.746160,	31.830300,	NaN,	21.287500,	20.098800,	99.007200,	84.531800,	50.089600,	65.772900,	94.248100,	37.194600,	62.542600,	108.188000,	69.433500,	72.896300,	49.184400,	34.525600,	52.000700,	30.082500,	41.090600,	48.590500,	102.820000,	NaN,	NaN,	NaN,	5.926050,	22.754500,	NaN,	81.879600,	13.719100,	53.021900,	56.447700,	77.199100,	87.038300,	97.873200,	150.249000,	81.092000,	102.630000,	NaN,	82.663100,	47.074500,	17.463200,	89.159800,	69.297500,	114.345000,	125.843000,	138.916000,	15.007900,	22.937400,	47.332600,	NaN,	74.599800,	62.150100,	44.339700,	59.258400,	47.926100,	35.227200,	12.457700,	18.077100,	-22.798400,	33.261700,	103.487000,	116.835000,	76.367400,	72.862300,	33.204200,	83.192600,	22.614300,	52.433100,	26.171400,	31.049500,	31.510000,	12.201900,	46.199200,	77.366800,	97.861600,	18.666400
0.516785,	151.935000,	47.387800,	120.978000,	NaN,	156.718000,	25.626400,	64.886600,	58.127400,	30.476800,	NaN,	88.223500,	92.713500,	NaN,	198.396000,	28.752200,	170.712000,	83.526100,	97.033100,	129.653000,	121.589000,	19.947000,	220.888000,	25.648100,	NaN,	31.992200,	69.827200,	24.381500,	59.137300,	78.170600,	97.164500,	74.273300,	111.452000,	3.864630,	30.924900,	13.634000,	NaN,	-9.554430,	20.269500,	71.205900,	78.525200,	61.117100,	52.527400,	129.876000,	67.732100,	56.930100,	137.483000,	56.184500,	46.140600,	93.365300,	28.038000,	31.405900,	-25.696600,	76.810100,	3.912150,	36.790800,	NaN,	NaN,	NaN,	4.859810,	34.751200,	NaN,	145.591000,	9.727140,	61.942900,	68.182300,	43.178700,	112.240000,	95.513400,	132.065000,	66.618700,	45.405800,	NaN,	55.768500,	42.077800,	-2.426250,	42.516500,	38.223000,	119.046000,	60.819500,	158.363000,	-58.321800,	37.991100,	37.034000,	NaN,	19.092900,	73.429300,	37.712100,	33.199700,	40.984400,	54.965500,	14.079700,	21.272500,	-34.873100,	25.164700,	102.909000,	112.606000,	25.901600,	46.934200,	53.135900,	93.429900,	20.068700,	46.237200,	7.402080,	21.297500,	32.297400,	15.005700,	53.036200,	23.499700,	44.372000,	25.921100
13.457300,	187.258000,	31.887500,	91.538300,	NaN,	16.665700,	-44.377200,	-34.034700,	44.367400,	38.529300,	NaN,	73.969100,	38.904200,	NaN,	183.377000,	26.871100,	170.122000,	87.279100,	70.319200,	128.039000,	100.253000,	2.945850,	153.199000,	-19.906900,	NaN,	-28.662200,	37.537200,	14.035800,	-12.910200,	28.906400,	73.057200,	33.268000,	41.088500,	-24.739100,	28.284800,	4.862640,	NaN,	-62.295300,	0.501626,	-5.332410,	45.098400,	50.644400,	23.527300,	125.353000,	73.619500,	38.283100,	144.678000,	36.233100,	-4.504210,	103.231000,	9.108030,	-5.488880,	-81.397500,	80.002700,	-39.245900,	-56.720300,	NaN,	NaN,	NaN,	4.369470,	35.045500,	NaN,	150.757000,	2.896430,	41.051100,	44.839000,	-5.223590,	102.848000,	59.174700,	94.428300,	29.591400,	-62.584700,	NaN,	10.044900,	21.430300,	-14.656000,	-23.487600,	-5.497720,	87.198600,	-8.489900,	119.892000,	-118.101000,	42.997900,	12.189500,	NaN,	-57.731600,	56.937600,	11.436200,	-24.868900,	20.083400,	54.720400,	7.158150,	23.113000,	-37.645500,	16.694400,	68.558100,	69.190200,	-44.453800,	-2.144930,	52.667000,	61.194900,	7.826280,	22.414800,	-12.162700,	3.366400,	17.938000,	4.114160,	46.875000,	-43.575400,	-49.707600,	27.649200
15.111700,	164.083000,	4.675520,	36.673900,	NaN,	-128.500000,	-90.003500,	-100.089000,	4.403500,	32.404900,	NaN,	42.226900,	-9.595980,	NaN,	112.372000,	19.086300,	115.633000,	68.319800,	36.088900,	80.178900,	51.047000,	-18.751800,	29.740200,	-65.590300,	NaN,	-87.107300,	8.215840,	8.032510,	-77.979100,	-24.424400,	40.534400,	-16.382600,	-38.085100,	-43.940700,	11.444000,	10.328400,	NaN,	-111.078000,	-25.770800,	-101.440000,	-12.808100,	29.059400,	-6.017850,	86.527600,	59.571800,	15.196000,	123.468000,	7.523330,	-66.752200,	76.056300,	-11.450800,	-38.211500,	-111.231000,	49.872000,	-54.507900,	-115.498000,	NaN,	NaN,	NaN,	2.333180,	18.452600,	NaN,	97.923700,	-5.915600,	5.165690,	5.038030,	-32.302600,	69.633600,	14.392700,	46.605700,	-9.771040,	-162.275000,	NaN,	-35.374000,	2.318270,	-17.296200,	-72.860300,	-41.976500,	38.329200,	-64.094300,	49.549600,	-142.016000,	35.749300,	-11.641500,	NaN,	-121.245000,	23.615700,	-20.237800,	-99.929600,	-2.348700,	35.528700,	-1.696500,	19.526800,	-28.232500,	7.265430,	20.440000,	9.300230,	-102.360000,	-54.474800,	33.600400,	14.859400,	-8.959010,	-5.641910,	-22.508200,	-12.454500,	-0.891309,	-4.086560,	29.599400,	-94.502000,	-134.253000,	23.461600
12.151600,	105.824000,	-25.739300,	-16.197200,	NaN,	-209.599000,	-116.698000,	-111.909000,	-45.607600,	23.625300,	NaN,	4.525470,	-47.442100,	NaN,	35.459800,	11.842800,	46.696100,	42.393800,	10.327600,	21.822900,	-1.525330,	-36.077100,	-63.233600,	-94.654600,	NaN,	-114.191000,	-5.554340,	6.873060,	-112.748000,	-58.755500,	22.047600,	-47.137000,	-70.681300,	-62.571100,	-7.764920,	5.831140,	NaN,	-123.077000,	-44.838200,	-165.392000,	-51.439900,	7.111180,	-28.286900,	30.370900,	29.209500,	-2.344060,	68.444400,	-32.622900,	-96.879900,	37.619200,	-24.794800,	-55.611600,	-99.025300,	20.764300,	-34.830500,	-97.346900,	NaN,	NaN,	NaN,	-3.449110,	-6.583210,	NaN,	22.000900,	-10.752100,	-27.552400,	-21.016300,	-29.449400,	23.924600,	-14.628300,	-3.994780,	-30.135200,	-183.985000,	NaN,	-59.985500,	-6.367650,	-7.369150,	-83.383400,	-57.487200,	-4.630970,	-87.711600,	-6.098140,	-128.712000,	18.141700,	-28.096400,	NaN,	-131.713000,	-14.054200,	-43.049000,	-143.735000,	-15.869300,	7.116320,	-9.226100,	7.022960,	-15.422900,	-11.563600,	-25.330800,	-33.818600,	-122.381000,	-81.197300,	7.410580,	-15.997200,	-19.880500,	-21.153000,	-19.991200,	-19.699000,	-13.045400,	-2.465490,	14.169200,	-102.543000,	-156.921000,	18.966700
8.298790,	28.409400,	-48.877200,	-56.983700,	NaN,	-227.739000,	-138.395000,	-99.890600,	-85.628600,	12.966400,	NaN,	-34.249800,	-77.988700,	NaN,	-28.954400,	7.763810,	-12.453000,	19.987000,	-6.416320,	-23.562600,	-44.676800,	-55.247900,	-91.863100,	-105.056000,	NaN,	-98.786300,	-20.241200,	6.036570,	-119.547000,	-76.111500,	-4.182010,	-56.328900,	-62.636700,	-83.455300,	-23.903800,	-22.025800,	NaN,	-89.119500,	-55.839000,	-169.782000,	-39.804600,	-13.230100,	-45.884500,	-21.308200,	-14.535300,	-9.425090,	-4.870900,	-68.875100,	-73.249000,	11.213100,	-29.205500,	-63.075800,	-53.174200,	11.038700,	-0.283113,	-27.137900,	NaN,	NaN,	NaN,	-7.030420,	-25.252300,	NaN,	-43.624900,	-10.180600,	-47.026200,	-25.488100,	-14.826400,	-18.289500,	-26.371000,	-37.978800,	-23.739000,	-127.051000,	NaN,	-54.998600,	-12.005400,	9.301250,	-71.737800,	-56.819400,	-40.209400,	-72.028600,	-32.247000,	-92.328200,	-3.355030,	-34.236900,	NaN,	-87.542400,	-42.163500,	-50.123600,	-115.925000,	-20.420100,	-18.832500,	-10.022400,	-4.416800,	-3.352750,	-29.699600,	-63.925300,	-48.463800,	-105.967000,	-72.420100,	-10.770900,	-28.435300,	-19.115900,	-18.984400,	-9.618180,	-19.842900,	-17.891800,	3.817590,	9.775890,	-66.607000,	-116.324000,	18.855800
2.177430,	-51.315500,	-55.518300,	-87.941100,	NaN,	-211.731000,	-149.361000,	-90.675700,	-108.143000,	-6.291500,	NaN,	-61.058600,	-91.469900,	NaN,	-82.023500,	5.354860,	-58.810900,	-1.676600,	-21.907500,	-54.879700,	-77.165400,	-76.554100,	-89.426800,	-98.515600,	NaN,	-55.571100,	-43.513100,	2.082670,	-111.222000,	-83.628800,	-65.407700,	-60.128200,	-53.586400,	-91.268300,	-31.018300,	-56.286400,	NaN,	-29.788700,	-61.134000,	-126.516000,	0.513296,	-29.673500,	-60.423000,	-47.900500,	-58.097100,	-11.348600,	-66.928500,	-79.578200,	-23.777300,	-3.561270,	-24.079700,	-66.748300,	-2.529400,	-1.211230,	21.024500,	30.035100,	NaN,	NaN,	NaN,	-5.505730,	-29.494400,	NaN,	-87.897700,	-8.485340,	-50.531000,	-27.812800,	-1.084670,	-46.596100,	-29.282600,	-45.095400,	-5.148530,	-56.707700,	NaN,	-29.500500,	-22.635700,	17.819100,	-63.998800,	-51.975200,	-71.878100,	-27.198800,	-41.029800,	-50.289300,	-14.082500,	-27.253200,	NaN,	-19.301300,	-50.423200,	-40.895600,	-33.582100,	-18.311500,	-34.827800,	-2.377950,	-8.391140,	8.873800,	-32.316100,	-86.115900,	-41.942700,	-73.399900,	-44.828700,	-14.185700,	-32.240000,	-10.601900,	-4.712040,	0.801424,	-17.509100,	-19.687000,	7.746540,	10.649300,	-15.972300,	-52.566100,	20.405600
-5.231730,	-103.643000,	-37.764400,	-103.462000,	NaN,	-165.849000,	-132.345000,	-74.594600,	-107.355000,	-29.543500,	NaN,	-58.969900,	-82.251300,	NaN,	-118.154000,	0.761021,	-87.766900,	-21.113000,	-33.815900,	-71.451000,	-96.058900,	-76.861700,	-87.378000,	-77.654900,	NaN,	-11.470500,	-59.204000,	-3.529810,	-89.098400,	-74.034800,	-133.232000,	-59.032600,	-48.253500,	-66.997700,	-28.409700,	-71.770900,	NaN,	18.180100,	-56.549900,	-73.674400,	27.710200,	-33.597300,	-62.598600,	-37.899400,	-77.236800,	-15.669900,	-94.271600,	-63.195700,	11.055800,	-16.896800,	-6.336800,	-63.531300,	30.328900,	-31.424100,	25.308300,	38.520400,	NaN,	NaN,	NaN,	-3.153150,	-23.261400,	NaN,	-107.517000,	-7.310040,	-45.063900,	-40.291800,	10.116000,	-63.334700,	-24.546500,	-38.842600,	5.488550,	-15.133400,	NaN,	-3.022710,	-32.591000,	14.983100,	-57.552900,	-43.394700,	-82.967900,	25.821300,	-37.913400,	-18.919000,	-6.467800,	-10.872500,	NaN,	41.788600,	-41.930400,	-22.082200,	45.999200,	-6.192660,	-34.913500,	10.993200,	-6.074180,	19.716400,	-20.668100,	-79.684400,	-25.431800,	-45.743700,	-20.111100,	-8.879420,	-31.653900,	-1.437810,	17.296800,	9.049840,	-13.400400,	-18.325800,	11.174800,	8.261820,	23.354500,	3.988130,	18.353500
-8.921260,	-100.093000,	2.571810,	-91.257800,	NaN,	-85.855300,	-85.348800,	-32.930900,	-78.912200,	-43.184700,	NaN,	-25.584800,	-63.597800,	NaN,	-126.007000,	-5.094840,	-86.747200,	-26.896900,	-34.449000,	-65.831100,	-88.485700,	-42.707000,	-76.912700,	-44.310600,	NaN,	16.716800,	-47.623500,	-6.465690,	-48.108100,	-38.093700,	-149.618000,	-34.994200,	-25.131400,	-15.617900,	-20.301000,	-53.387800,	NaN,	34.872200,	-36.242700,	-34.964800,	31.126800,	-18.377300,	-43.212100,	0.125327,	-60.990400,	-21.832900,	-77.420700,	-34.163200,	23.129500,	-26.824600,	25.423600,	-46.615600,	45.262200,	-61.201100,	27.544600,	16.317900,	NaN,	NaN,	NaN,	1.999500,	-7.834290,	NaN,	-98.064400,	-6.805680,	-40.682800,	-49.463500,	13.800900,	-68.353100,	-8.804400,	-26.883400,	5.201010,	13.689800,	NaN,	11.984700,	-28.890700,	12.311500,	-29.495500,	-21.048600,	-58.910100,	73.579900,	-19.860500,	-5.317060,	8.623850,	7.504380,	NaN,	79.047600,	-26.696600,	-4.476070,	92.172500,	19.160700,	-12.681400,	25.026200,	5.542540,	26.752400,	-2.028420,	-48.673200,	-4.672480,	-26.536700,	-2.848950,	0.173433,	-19.779100,	5.450640,	41.166900,	16.880700,	-3.397000,	-8.664860,	18.915700,	9.010600,	54.451600,	53.720400,	12.779800
-10.577900,	-40.962800,	44.142500,	-51.524300,	NaN,	2.494590,	-31.160200,	23.425100,	-33.493600,	-38.098000,	NaN,	20.898100,	-49.035600,	NaN,	-101.646000,	-5.851560,	-59.944600,	-15.446500,	-27.110800,	-40.917300,	-47.353700,	3.454680,	-44.798800,	-5.874790,	NaN,	30.233600,	-14.360400,	-1.250300,	0.073006,	12.028300,	-91.392300,	11.688800,	13.382000,	28.764500,	-4.854890,	-9.049310,	NaN,	28.022800,	-7.418890,	-8.790350,	24.911800,	7.069000,	-16.471400,	44.903400,	-24.969000,	-22.381600,	-22.123500,	2.869490,	28.929600,	-18.652200,	60.247800,	-16.459800,	53.607900,	-65.120400,	36.841000,	0.950275,	NaN,	NaN,	NaN,	16.042300,	27.689600,	NaN,	-63.659200,	-9.038560,	-37.083300,	-35.708700,	6.999350,	-51.804600,	15.588900,	8.167100,	7.441900,	53.821000,	NaN,	19.740400,	-10.682200,	18.540200,	16.477000,	11.043000,	-5.426680,	107.568000,	6.625270,	-5.263030,	16.990500,	20.739700,	NaN,	88.140700,	-11.284800,	5.874160,	113.569000,	49.596700,	25.833200,	33.470400,	30.413200,	28.515600,	18.675100,	-5.180480,	22.166100,	-9.999130,	9.964000,	16.678300,	8.106520,	9.771740,	53.714600,	22.315800,	12.874200,	9.254580,	27.026800,	24.297300,	85.631900,	95.844900,	9.596840
-15.424300,	27.528000,	51.027400,	-10.658900,	NaN,	42.648600,	-10.123600,	51.124800,	-0.092323,	-21.503800,	NaN,	51.839700,	-37.181900,	NaN,	-59.950300,	1.995850,	-32.334600,	-2.077280,	-26.696400,	-21.193900,	-0.777304,	29.881200,	-14.249500,	21.700500,	NaN,	28.348600,	7.850450,	12.672900,	14.377800,	32.331100,	10.754900,	48.708500,	42.307900,	30.370800,	23.529900,	30.947500,	NaN,	11.738100,	11.111200,	5.171140,	11.834700,	18.835100,	-14.125000,	71.229500,	4.100470,	-20.454100,	41.546700,	42.816100,	32.062200,	8.782530,	69.631600,	8.454350,	58.271500,	-46.460800,	46.227100,	5.018570,	NaN,	NaN,	NaN,	31.691000,	82.188600,	NaN,	-26.406700,	-14.782100,	-28.175800,	-4.807220,	-3.713560,	-18.686600,	38.194700,	65.738000,	14.631600,	80.134700,	NaN,	22.338800,	2.878030,	30.408600,	36.461500,	24.995700,	54.715000,	99.389700,	29.240300,	-18.755500,	23.948100,	25.186600,	NaN,	68.487200,	-1.667740,	8.213330,	113.001000,	60.553600,	52.473100,	30.195100,	54.928100,	20.162100,	29.254400,	37.891800,	55.124400,	-3.784320,	8.786850,	39.650300,	34.027500,	8.572830,	39.904100,	16.239800,	23.653400,	23.229400,	24.783700,	46.665900,	94.980700,	101.029000,	12.612500
-18.916700,	51.179100,	8.282760,	0.566889,	NaN,	1.823140,	-44.393200,	20.367900,	-2.378980,	-7.620940,	NaN,	48.992500,	-27.272800,	NaN,	-32.497100,	13.961100,	-23.691100,	-2.058690,	-42.996800,	-31.701900,	3.366350,	28.725300,	-23.255900,	16.195100,	NaN,	1.977130,	-7.942760,	26.811600,	-32.168600,	-6.168070,	108.121000,	47.309700,	47.134700,	-9.457320,	56.599700,	40.273000,	NaN,	-15.734700,	8.422460,	-5.280030,	-15.154300,	5.478940,	-42.918000,	69.101800,	14.341100,	-27.053200,	69.918800,	57.961900,	10.914300,	34.282800,	38.110500,	7.778080,	53.113400,	-26.635800,	43.665500,	13.353600,	NaN,	NaN,	NaN,	31.837700,	124.351000,	NaN,	-4.958760,	-19.766300,	-18.736000,	14.058900,	-12.821900,	-2.866930,	45.775700,	106.339000,	11.261200,	57.855400,	NaN,	8.122280,	-7.114410,	40.090600,	1.941300,	2.315320,	97.552300,	19.206800,	39.798000,	-47.627700,	39.807800,	20.571900,	NaN,	21.426200,	-1.926340,	-0.054433,	74.445800,	38.029400,	42.952800,	15.257400,	56.509500,	-0.875774,	12.172600,	59.868800,	77.238000,	-24.080200,	-18.339900,	59.551700,	35.524200,	-0.401289,	2.691630,	-5.577150,	17.428000,	22.733800,	9.466930,	52.932700,	55.073500,	46.375900,	16.950600
-15.197200,	18.050800,	-53.607900,	-23.641900,	NaN,	-81.878200,	-111.056000,	-43.316000,	-35.409600,	-2.630170,	NaN,	20.413800,	-27.051300,	NaN,	-44.274800,	24.135200,	-37.956600,	-12.739200,	-70.789200,	-68.260200,	-46.357700,	9.371810,	-78.553300,	-30.856100,	NaN,	-43.008000,	-48.319200,	30.727000,	-103.724000,	-69.410300,	159.994000,	11.817100,	25.904300,	-52.668300,	76.011700,	13.486400,	NaN,	-56.827300,	-11.431200,	-42.979400,	-49.027200,	-19.894600,	-78.786400,	45.570100,	9.019410,	-43.589900,	45.599300,	24.989900,	-48.250900,	35.950800,	-10.495600,	-15.228600,	35.657100,	-19.681100,	27.665300,	6.032260,	NaN,	NaN,	NaN,	13.168000,	118.730000,	NaN,	-0.837941,	-18.564400,	-20.361100,	1.724210,	-24.560000,	-27.199300,	26.898300,	96.438100,	-11.817600,	0.528255,	NaN,	-30.356000,	-32.493100,	42.840200,	-58.263600,	-38.094400,	102.384000,	-110.291000,	28.549700,	-81.657400,	59.705800,	7.731600,	NaN,	-45.638000,	-7.739500,	-20.811100,	3.531750,	0.839747,	6.606150,	-6.330080,	34.911600,	-28.476600,	-29.109800,	37.272700,	59.246100,	-66.027300,	-59.683200,	64.599200,	7.438580,	-12.936100,	-33.547400,	-32.206800,	-3.913300,	8.893270,	-7.512690,	35.440400,	-16.030500,	-40.933900,	14.009100
-5.466530,	-37.239400,	-86.291100,	-63.419900,	NaN,	-131.460000,	-160.739000,	-79.791700,	-67.250700,	-0.895253,	NaN,	-10.425400,	-39.623100,	NaN,	-85.882800,	28.114300,	-69.680200,	-24.953100,	-93.905700,	-101.952000,	-110.658000,	-20.177200,	-146.760000,	-92.570100,	NaN,	-80.292800,	-69.263500,	18.160300,	-135.401000,	-95.468900,	141.556000,	-29.661900,	-18.382100,	-67.504100,	73.997000,	-29.397100,	NaN,	-93.530500,	-34.996800,	-89.924900,	-70.539400,	-35.425100,	-95.242000,	16.402800,	-0.103550,	-57.445400,	-6.830550,	-38.163200,	-120.883000,	13.762700,	-35.934100,	-35.430100,	13.714900,	-23.685000,	8.228790,	-15.497800,	NaN,	NaN,	NaN,	-12.034900,	66.243000,	NaN,	-6.986720,	-12.671300,	-32.307300,	-31.938400,	-36.874600,	-68.880400,	-14.501200,	43.914900,	-37.649400,	-50.409300,	NaN,	-76.297600,	-43.968600,	30.504800,	-93.069300,	-61.090200,	65.421400,	-205.516000,	-10.798600,	-100.611000,	68.784400,	-6.787350,	NaN,	-107.023000,	-9.629860,	-45.062300,	-60.102700,	-19.344900,	-25.372300,	-25.615200,	10.285800,	-48.402900,	-66.011200,	-26.519400,	-0.052999,	-99.837800,	-86.035900,	51.214500,	-32.950200,	-22.418800,	-48.460100,	-48.621500,	-25.497300,	-6.590000,	-10.160900,	6.634730,	-68.901600,	-104.921000,	1.959680
9.678760,	-67.896100,	-70.080300,	-86.823100,	NaN,	-110.831000,	-158.224000,	-58.050300,	-71.772300,	7.481650,	NaN,	-26.766300,	-54.542600,	NaN,	-115.453000,	25.378300,	-102.668000,	-33.007600,	-97.268500,	-104.030000,	-142.430000,	-48.309500,	-179.928000,	-124.533000,	NaN,	-86.935900,	-41.911200,	-7.232670,	-100.893000,	-59.987900,	66.277500,	-50.608200,	-62.050000,	-55.878900,	58.508500,	-59.349300,	NaN,	-105.123000,	-46.906100,	-128.128000,	-73.308200,	-30.452800,	-80.258200,	-2.227270,	-1.027490,	-57.194700,	-49.671500,	-87.790500,	-165.145000,	-12.320000,	-23.252800,	-32.565800,	-5.022930,	-28.818300,	0.406736,	-31.024600,	NaN,	NaN,	NaN,	-30.940500,	5.610170,	NaN,	-13.771600,	-8.528430,	-39.232000,	-59.580400,	-35.026700,	-88.038300,	-52.250400,	-16.686100,	-42.013900,	-56.283200,	NaN,	-102.379000,	-23.483000,	-1.217680,	-78.598100,	-51.024100,	8.562440,	-207.519000,	-59.258600,	-91.897700,	59.496500,	-16.592900,	NaN,	-135.086000,	-5.398530,	-58.898500,	-83.069700,	-12.342100,	-33.137500,	-33.635600,	-2.619990,	-52.071800,	-79.248800,	-89.968900,	-64.187100,	-107.638000,	-82.313900,	25.126700,	-60.020500,	-27.602600,	-40.823000,	-50.242100,	-32.202300,	-13.537600,	5.783430,	-20.206000,	-79.031700,	-109.045000,	-12.004100
27.030000,	-61.047200,	-30.237100,	-74.144500,	NaN,	-57.496600,	-110.360000,	-8.388560,	-50.565600,	23.975300,	NaN,	-27.625700,	-57.521700,	NaN,	-99.227200,	17.125500,	-108.534000,	-34.579600,	-77.281200,	-72.436500,	-129.672000,	-58.185200,	-157.997000,	-109.264000,	NaN,	-62.799000,	13.273700,	-35.356200,	-30.856000,	6.654720,	-15.888600,	-48.021000,	-70.009200,	-44.134900,	35.757400,	-56.823400,	NaN,	-92.785400,	-37.516000,	-146.805000,	-68.899800,	-13.614700,	-40.430100,	-5.898680,	11.325700,	-42.117800,	-64.555000,	-101.284000,	-163.704000,	-21.235900,	9.387330,	-9.590200,	-19.973000,	-17.512500,	9.299020,	-24.664000,	NaN,	NaN,	NaN,	-37.330600,	-29.613900,	NaN,	-6.098700,	-9.041120,	-37.982100,	-64.788200,	-15.054600,	-79.492900,	-60.689300,	-51.473000,	-21.346900,	-3.371020,	NaN,	-97.662100,	13.885700,	-42.909800,	-29.160800,	-19.900700,	-37.788400,	-130.486000,	-84.683100,	-62.387500,	37.910000,	-20.529000,	NaN,	-125.797000,	-1.862390,	-60.692800,	-72.049300,	8.196650,	-22.169200,	-32.277300,	-4.061700,	-46.964200,	-75.472400,	-110.127000,	-97.723900,	-98.102700,	-59.065300,	-5.848260,	-59.992000,	-31.088200,	-23.880300,	-42.013700,	-20.238700,	-9.294800,	27.509800,	-41.308500,	-66.484300,	-61.723000,	-19.355800
37.462900,	-39.598900,	-3.765950,	-36.377200,	NaN,	-23.472300,	-52.349700,	25.720700,	-23.067700,	38.008700,	NaN,	-17.700700,	-53.351100,	NaN,	-51.573000,	4.578280,	-80.464300,	-29.495300,	-46.015100,	-33.737500,	-93.479500,	-52.789800,	-112.836000,	-65.729100,	NaN,	-25.002200,	51.643600,	-57.476300,	28.535100,	57.253900,	-61.508500,	-40.388000,	-41.108100,	-48.695900,	8.878780,	-26.462300,	NaN,	-69.665800,	-9.816070,	-131.946000,	-67.693500,	-3.834520,	4.565550,	-5.452230,	26.481200,	-20.150000,	-53.002700,	-87.222400,	-132.492000,	-9.218870,	36.795400,	16.395200,	-28.296100,	23.183800,	26.123000,	1.761080,	NaN,	NaN,	NaN,	-29.703200,	-44.678600,	NaN,	21.842600,	-12.546100,	-41.633600,	-55.399300,	3.697250,	-68.716700,	-46.293100,	-48.183300,	7.344310,	83.388600,	NaN,	-74.277600,	38.881000,	-76.821100,	26.796500,	11.420500,	-58.591700,	-39.664800,	-80.436600,	-26.621300,	16.595300,	-22.623200,	NaN,	-98.712700,	-5.011330,	-58.226900,	-46.728000,	25.568300,	-8.201020,	-34.795000,	1.671840,	-46.075900,	-69.051100,	-86.582700,	-98.115000,	-77.772200,	-32.898800,	-34.761100,	-41.248800,	-32.127900,	-9.038150,	-29.688800,	2.103710,	-2.326860,	39.911300,	-51.740300,	-53.823400,	1.450790,	-18.754500
37.883900,	-24.680400,	2.724500,	0.430273,	NaN,	-10.257100,	-12.639200,	39.908700,	-2.209280,	40.373900,	NaN,	-3.467320,	-61.190400,	NaN,	-9.418040,	-8.848510,	-48.564600,	-23.034500,	-17.724600,	-15.335100,	-58.068500,	-53.431400,	-90.057400,	-25.125100,	NaN,	14.731300,	53.480300,	-70.466400,	55.086600,	70.904500,	-70.452900,	-39.599900,	-6.728790,	-58.273900,	-10.819300,	3.492620,	NaN,	-36.022700,	20.993000,	-77.785700,	-68.768400,	-6.881610,	31.048000,	-11.518100,	30.869100,	-4.890690,	-25.640000,	-55.626100,	-96.196900,	9.035580,	51.318800,	34.855600,	-21.263800,	90.384400,	41.723800,	34.434800,	NaN,	NaN,	NaN,	-15.164000,	-72.724900,	NaN,	48.622300,	-16.321900,	-55.239700,	-52.454600,	8.437440,	-74.052500,	-34.672400,	-26.221600,	29.084900,	147.798000,	NaN,	-43.765400,	41.571500,	-95.192200,	65.537200,	29.200700,	-60.774600,	18.227500,	-65.518500,	5.131230,	6.607530,	-24.004700,	NaN,	-62.938800,	-10.274600,	-50.916400,	-11.638800,	38.131900,	-1.637730,	-46.081200,	7.379470,	-49.814200,	-63.667100,	-45.868700,	-80.869200,	-40.258200,	-9.328080,	-55.883900,	-26.688800,	-27.552600,	2.457230,	-16.101100,	21.593800,	-4.878000,	42.725300,	-49.825800,	-34.919400,	50.935000,	-13.436100
36.224000,	-17.577900,	9.630580,	20.976000,	NaN,	6.866530,	-1.256560,	50.181200,	15.231800,	37.550700,	NaN,	2.586830,	-86.999300,	NaN,	19.257300,	-18.433700,	-41.250000,	-21.249600,	0.291831,	-23.634000,	-34.774800,	-61.550900,	-97.479600,	0.132901,	NaN,	52.363400,	33.724400,	-71.625300,	57.186500,	59.545500,	-73.644900,	-34.226300,	23.069800,	-49.031600,	-12.099000,	13.534100,	NaN,	11.673500,	42.928700,	-6.110070,	-64.268700,	-8.601330,	31.598800,	-22.489000,	24.874800,	-8.469280,	0.717800,	-9.785600,	-64.479200,	14.833600,	60.146300,	45.908500,	2.675380,	149.199000,	49.300200,	59.280500,	NaN,	NaN,	NaN,	-3.715880,	-121.781000,	NaN,	46.545700,	-16.610800,	-62.559400,	-63.749300,	9.096470,	-94.651300,	-34.463900,	-23.512300,	36.881500,	151.278000,	NaN,	-7.887370,	32.538000,	-97.694800,	77.997800,	33.099300,	-57.104300,	42.370800,	-44.287300,	32.857600,	8.746790,	-19.970400,	NaN,	-8.114200,	-9.192280,	-29.849200,	30.786700,	52.249300,	-2.278450,	-49.974100,	6.285560,	-44.347000,	-51.636700,	-1.215190,	-59.359200,	7.109380,	10.155700,	-66.116300,	-29.844000,	-18.790900,	10.909200,	-3.845270,	32.502300,	-20.646600,	42.438700,	-38.958400,	-0.145079,	79.843000,	-6.538320
35.054200,	-11.280300,	25.480800,	31.007000,	NaN,	27.589500,	-7.951150,	60.163200,	46.675400,	45.043500,	NaN,	-7.518580,	-108.312000,	NaN,	48.576800,	-22.384900,	-43.564300,	-17.764800,	13.201000,	-35.389500,	-13.473000,	-48.804300,	-97.975300,	13.305900,	NaN,	81.609100,	18.063200,	-55.583700,	59.272300,	52.559200,	-81.434000,	-1.596570,	73.501900,	-13.882300,	2.251480,	11.276900,	NaN,	61.563400,	56.618600,	49.127600,	-44.168600,	0.085466,	21.309300,	-23.511600,	23.138200,	-22.423200,	14.347800,	42.756100,	-31.760500,	12.816000,	67.652200,	50.293400,	30.601800,	162.457000,	40.551300,	74.514200,	NaN,	NaN,	NaN,	6.438670,	-150.915000,	NaN,	28.041700,	-11.192500,	-45.505300,	-64.445800,	12.602200,	-105.116000,	-31.202200,	-49.064100,	28.813000,	123.293000,	NaN,	32.868900,	26.586600,	-75.894500,	75.315400,	35.657100,	-45.695500,	55.717700,	0.679418,	59.371200,	9.666540,	-9.261930,	NaN,	57.927900,	-2.444350,	1.468440,	69.791400,	66.451500,	2.526360,	-26.588300,	1.287010,	-16.074200,	-18.430100,	51.853800,	-37.840000,	41.548700,	24.218800,	-63.995400,	-37.920000,	-8.964190,	10.205500,	3.637570,	37.289900,	-35.946400,	39.085200,	-21.337400,	37.499500,	98.132800,	-0.402688
27.670100,	2.047640,	38.599900,	49.087900,	NaN,	39.093000,	-0.121300,	68.665800,	109.082000,	69.396300,	NaN,	-19.077500,	-92.411300,	NaN,	91.117600,	-22.627000,	-17.159700,	1.120250,	30.015400,	-14.563200,	25.088300,	-1.642190,	-48.572300,	29.396700,	NaN,	101.337000,	22.390300,	-24.989600,	81.308800,	69.955100,	-62.843000,	64.699100,	147.523000,	36.474400,	21.823500,	7.730330,	NaN,	92.086800,	64.061100,	82.402900,	0.391617,	13.336200,	21.639100,	-6.487770,	41.963200,	-22.492000,	21.943300,	97.359600,	11.452800,	24.898300,	66.112800,	49.359100,	43.883000,	129.184000,	7.960420,	86.943500,	NaN,	NaN,	NaN,	28.657000,	-116.185000,	NaN,	25.979900,	-2.565330,	-2.720450,	-21.918400,	7.999560,	-55.151600,	-15.255900,	-65.663600,	10.477900,	114.357000,	NaN,	73.491700,	30.870800,	-29.840100,	78.485400,	50.635500,	-8.074570,	77.220800,	72.638200,	80.411700,	-2.793960,	1.878450,	NaN,	107.597000,	3.671290,	29.471700,	102.283000,	67.735800,	26.085700,	24.898800,	0.429209,	33.655800,	44.835300,	116.349000,	-8.224010,	55.778100,	39.346700,	-47.723500,	-23.630100,	2.438150,	-0.192918,	8.178370,	37.959100,	-30.010400,	33.643400,	3.174740,	63.144200,	117.002000,	1.608910
6.288780,	20.436600,	41.943100,	85.970000,	NaN,	55.593300,	47.144800,	82.997200,	191.170000,	93.936600,	NaN,	-11.048900,	-37.167300,	NaN,	134.903000,	-19.758400,	42.286700,	32.918400,	51.137200,	42.094800,	77.141900,	50.959400,	51.674700,	69.450400,	NaN,	112.822000,	46.695000,	4.580640,	114.720000,	99.318900,	16.742400,	140.205000,	195.208000,	89.697200,	37.581900,	7.005380,	NaN,	93.733100,	66.317100,	119.477000,	67.689100,	25.167000,	39.628400,	20.492100,	77.824100,	-4.545670,	33.654100,	151.834000,	63.945600,	59.825700,	44.673300,	47.468200,	41.810900,	78.040100,	-38.095800,	101.022000,	NaN,	NaN,	NaN,	66.479900,	-29.305500,	NaN,	46.253100,	2.874380,	52.018300,	60.774900,	-8.415550,	77.602400,	4.721460,	-38.825700,	-2.025920,	126.981000,	NaN,	108.771000,	43.415300,	17.298600,	91.301800,	73.536100,	68.568800,	101.525000,	140.645000,	91.208200,	-25.875900,	9.534990,	NaN,	124.824000,	11.438100,	49.703100,	130.977000,	45.156300,	64.197600,	88.858300,	5.682470,	91.718000,	124.401000,	178.089000,	36.878600,	67.828500,	63.211300,	-18.070900,	20.133600,	16.213300,	-6.447850,	15.684900,	32.405700,	-0.126702,	35.357900,	28.478000,	80.726500,	132.555000,	-2.610060
-22.862800,	30.113800,	34.683700,	127.647000,	NaN,	94.581700,	118.773000,	101.928000,	247.010000,	89.162700,	NaN,	7.791910,	22.064700,	NaN,	146.877000,	-15.829100,	98.122900,	55.339400,	70.209200,	99.641600,	112.628000,	78.861900,	159.146000,	141.134000,	NaN,	105.958000,	69.974700,	20.907300,	128.658000,	108.492000,	136.370000,	180.769000,	174.265000,	131.111000,	39.121200,	16.908800,	NaN,	78.637000,	67.656400,	170.396000,	135.698000,	32.525200,	62.038500,	36.504500,	104.189000,	12.597200,	38.814300,	184.623000,	109.020000,	94.501500,	6.116810,	48.646000,	36.632400,	31.308100,	-74.702400,	106.254000,	NaN,	NaN,	NaN,	95.201000,	53.467600,	NaN,	70.911700,	4.260420,	100.265000,	139.785000,	-20.882500,	233.956000,	19.510200,	20.812200,	1.574430,	134.777000,	NaN,	127.951000,	53.696500,	42.433600,	95.789300,	82.387500,	154.618000,	107.043000,	168.579000,	95.257900,	-46.409200,	16.451500,	NaN,	114.566000,	23.840600,	64.953200,	142.706000,	5.721300,	91.899400,	137.865000,	9.607580,	137.146000,	184.415000,	207.343000,	84.386400,	93.098600,	89.195100,	15.453100,	73.299100,	26.602700,	-2.397570,	24.708600,	22.052500,	34.457700,	42.848700,	36.915700,	94.140700,	129.219000,	-8.616690
-38.564300,	7.649540,	14.467200,	142.599000,	NaN,	128.682000,	174.335000,	99.515700,	234.224000,	38.032100,	NaN,	7.634350,	53.914700,	NaN,	116.136000,	-14.686400,	118.285000,	51.477800,	79.813000,	121.087000,	105.283000,	86.462500,	219.119000,	214.693000,	NaN,	65.213000,	65.229200,	25.250600,	99.637300,	74.034600,	213.009000,	150.358000,	96.472900,	143.948000,	17.386900,	35.357400,	NaN,	53.993400,	70.020700,	208.630000,	170.103000,	29.121100,	68.153300,	18.507000,	94.894200,	15.773600,	16.654300,	158.404000,	123.148000,	92.560400,	-34.101500,	48.736000,	29.635400,	-9.539330,	-84.324800,	83.314600,	NaN,	NaN,	NaN,	86.029100,	90.197200,	NaN,	85.325400,	8.560730,	122.629000,	167.243000,	-22.073600,	312.252000,	25.246000,	66.265700,	12.916400,	125.672000,	NaN,	113.746000,	46.795700,	46.506600,	75.279800,	63.103400,	182.671000,	81.860800,	140.976000,	99.757200,	-54.137200,	21.575800,	NaN,	82.417500,	30.909000,	69.094900,	116.226000,	-32.013300,	83.718200,	140.329000,	5.341370,	143.421000,	188.465000,	173.585000,	109.745000,	120.441000,	97.657500,	32.554500,	100.553000,	24.345500,	-0.610043,	26.760600,	12.122200,	49.601000,	34.316900,	15.900900,	88.959800,	95.281200,	-10.732100
-26.569800,	-47.305200,	-15.175000,	112.951000,	NaN,	116.004000,	186.188000,	59.241400,	157.193000,	-45.145800,	NaN,	-21.658000,	60.293800,	NaN,	51.636700,	-18.163200,	100.091000,	26.344700,	75.871000,	101.530000,	60.263600,	87.328800,	200.155000,	241.262000,	NaN,	-0.310213,	30.056300,	26.428400,	39.501100,	6.213900,	178.717000,	60.466700,	0.549638,	119.242000,	-18.827400,	45.782400,	NaN,	20.481800,	67.744800,	200.670000,	153.018000,	10.122700,	52.237200,	-33.219000,	49.642800,	9.511180,	-30.506700,	68.492000,	101.525000,	40.261400,	-61.480600,	39.553500,	4.760680,	-56.559100,	-76.347100,	21.098400,	NaN,	NaN,	NaN,	45.352000,	77.073100,	NaN,	83.032400,	19.639600,	110.185000,	128.722000,	-26.763400,	268.304000,	14.326000,	59.632900,	14.515100,	91.636000,	NaN,	64.127300,	19.526300,	45.081100,	35.707000,	26.002600,	113.213000,	34.280700,	66.008000,	104.089000,	-46.286300,	19.569500,	NaN,	32.577700,	22.388700,	53.020600,	55.077100,	-56.785100,	39.085100,	88.104900,	-6.931030,	96.597000,	128.269000,	72.633600,	102.408000,	125.407000,	79.205200,	19.762600,	78.740200,	10.797800,	-9.829680,	18.891100,	3.793680,	36.997800,	-2.300070,	-15.317300,	55.472300,	33.683900,	-10.530500
1.332010,	-92.882400,	-38.675500,	55.211200,	NaN,	62.871000,	162.295000,	4.880740,	55.368600,	-118.420000,	NaN,	-51.273800,	59.137200,	NaN,	-19.781700,	-24.034000,	58.313100,	-3.217160,	60.605100,	64.761600,	8.193940,	72.693700,	122.159000,	201.306000,	NaN,	-54.145700,	-8.180160,	24.196500,	-12.961500,	-54.750200,	57.707400,	-34.432600,	-87.144500,	71.197800,	-51.239200,	41.641900,	NaN,	-9.128310,	52.656500,	150.234000,	97.997900,	-15.018700,	32.037200,	-90.409700,	-4.074630,	3.904610,	-71.632100,	-32.282000,	63.062500,	-40.659700,	-69.317800,	21.466000,	-44.078900,	-113.725000,	-70.955500,	-62.518300,	NaN,	NaN,	NaN,	5.193810,	28.724600,	NaN,	63.298200,	29.885100,	75.972500,	50.698300,	-39.121400,	156.025000,	-10.180000,	3.576110,	2.892920,	25.256900,	NaN,	4.744280,	-11.870300,	38.281800,	0.407781,	-5.240310,	-11.381100,	-10.583600,	-28.740900,	101.532000,	-29.490700,	12.826000,	NaN,	-10.753800,	8.989760,	25.152000,	-9.685580,	-69.013100,	-17.495500,	11.328900,	-21.651100,	16.745800,	31.379500,	-47.113900,	70.978600,	103.697000,	46.859200,	-10.210900,	22.478200,	-2.953570,	-22.260600,	6.630250,	-5.346650,	14.454500,	-45.937600,	-32.204800,	7.506400,	-30.910400,	-15.769400
18.413400,	-88.264200,	-38.509500,	4.670140,	NaN,	14.047600,	125.128000,	-27.711600,	-34.447900,	-151.068000,	NaN,	-52.605200,	61.501500,	NaN,	-61.067200,	-27.182500,	14.878200,	-24.202300,	42.074700,	28.695500,	-25.609100,	42.423400,	37.557700,	121.282000,	NaN,	-67.617400,	-23.541900,	16.559200,	-23.324000,	-68.006600,	-60.541300,	-86.846000,	-140.858000,	28.574700,	-63.756100,	32.730800,	NaN,	-15.322600,	26.233100,	91.155300,	34.184900,	-25.949700,	21.752300,	-119.807000,	-45.410300,	4.033670,	-82.825900,	-87.973300,	30.094400,	-105.805000,	-57.538600,	5.991590,	-93.807700,	-149.124000,	-69.266500,	-123.294000,	NaN,	NaN,	NaN,	-20.851300,	-27.379900,	NaN,	36.532000,	30.176200,	41.917200,	-22.054400,	-39.792600,	38.283800,	-30.103200,	-59.035400,	-8.864170,	-53.650600,	NaN,	-33.652000,	-27.661300,	21.050900,	-11.389100,	-16.134800,	-103.845000,	-32.006700,	-102.502000,	91.727300,	-17.141000,	7.847470,	NaN,	-19.920700,	9.023630,	5.930130,	-53.745000,	-69.717600,	-60.416500,	-47.805600,	-35.641900,	-52.581900,	-55.269500,	-121.022000,	31.212000,	72.723300,	21.419300,	-36.503300,	-30.513900,	-8.667370,	-25.237800,	-3.554640,	-12.385600,	-0.212907,	-62.264400,	-28.459000,	-36.565100,	-68.775000,	-26.640100
12.716700,	-34.568200,	-11.646700,	-15.511000,	NaN,	10.085800,	92.262400,	-22.143000,	-81.815300,	-137.237000,	NaN,	-23.115800,	60.386100,	NaN,	-48.362000,	-25.502200,	-4.961040,	-29.363800,	28.669800,	7.677130,	-31.165100,	16.174400,	-1.585860,	40.716000,	NaN,	-46.202300,	-14.737300,	7.297270,	10.270800,	-25.271000,	-102.702000,	-83.222100,	-139.176000,	10.775200,	-50.174300,	25.908200,	NaN,	3.598110,	3.951060,	58.262500,	-9.483030,	-11.933000,	21.399400,	-106.117000,	-63.097000,	12.137900,	-64.597000,	-95.736200,	13.676200,	-118.641000,	-32.315500,	1.073210,	-114.618000,	-125.293000,	-62.519200,	-128.986000,	NaN,	NaN,	NaN,	-33.167900,	-61.810900,	NaN,	21.662300,	22.549500,	18.161400,	-53.636200,	-21.877100,	-44.571200,	-29.466800,	-86.543800,	-10.933700,	-104.351000,	NaN,	-44.886000,	-24.843100,	0.655265,	1.574870,	-8.748220,	-116.189000,	-33.226100,	-125.780000,	73.610200,	-16.893000,	8.598660,	NaN,	2.492130,	25.531400,	3.022620,	-72.695400,	-57.221900,	-70.934200,	-68.730900,	-43.063100,	-80.512500,	-96.563100,	-129.608000,	-3.625840,	51.662200,	14.427400,	-45.097600,	-43.248300,	-7.015640,	-13.680500,	-5.735240,	-10.995400,	-1.561370,	-37.320500,	-12.518900,	-64.594900,	-66.829400,	-35.056200
-3.392530,	35.438500,	30.707700,	-2.374790,	NaN,	46.549500,	73.238600,	7.747770,	-71.932700,	-88.952700,	NaN,	16.846200,	50.735100,	NaN,	-3.579780,	-18.165100,	9.396000,	-16.219100,	23.030600,	12.481300,	-5.205750,	11.598500,	15.884400,	-16.938700,	NaN,	-9.102200,	1.592020,	2.734320,	58.233900,	38.692600,	-67.180100,	-40.419300,	-89.254800,	17.021100,	-17.843400,	18.756900,	NaN,	25.631600,	-2.209760,	54.533400,	-25.169500,	14.686600,	26.539200,	-59.230600,	-52.576200,	31.027600,	-27.843500,	-76.078500,	15.343300,	-71.005600,	-5.705980,	5.033610,	-92.673400,	-41.105000,	-41.584800,	-85.123700,	NaN,	NaN,	NaN,	-29.620800,	-52.610200,	NaN,	22.568700,	14.290800,	2.231960,	-36.654300,	-3.953660,	-73.444100,	-11.209200,	-64.058600,	-4.090400,	-112.331000,	NaN,	-38.621800,	-14.520300,	-9.267950,	24.380400,	6.701410,	-68.357500,	-22.552300,	-100.606000,	44.390100,	-23.661400,	14.471300,	NaN,	22.641600,	41.857200,	7.628990,	-69.791800,	-34.659900,	-47.343500,	-53.922900,	-35.984100,	-61.949100,	-79.680000,	-96.436000,	-24.430900,	42.589400,	21.454200,	-33.783000,	-18.694900,	-0.304025,	6.311980,	2.381180,	-4.418280,	1.699050,	8.791410,	8.304880,	-70.051200,	-41.662300,	-32.915400
-10.107600,	90.045600,	63.197400,	29.372100,	NaN,	83.644100,	64.932600,	29.680500,	-28.306500,	-27.242600,	NaN,	44.364500,	39.796200,	NaN,	32.924400,	-5.674730,	37.742000,	4.725900,	19.090600,	30.755700,	40.813300,	25.379500,	53.822800,	-44.903600,	NaN,	26.199700,	6.306460,	3.779030,	78.933900,	67.036700,	-4.338990,	5.820010,	-31.550700,	31.067900,	16.430800,	12.124000,	NaN,	28.737300,	2.463080,	50.789000,	-30.307100,	30.934800,	30.915500,	-4.402100,	-22.297500,	52.032600,	16.550100,	-37.809000,	23.440200,	8.708190,	6.162050,	11.296500,	-40.950200,	46.847200,	-13.703400,	-29.856900,	NaN,	NaN,	NaN,	-10.787700,	-7.991380,	NaN,	20.828200,	7.100830,	-7.192700,	1.668030,	4.926140,	-56.321400,	12.174700,	-2.823680,	4.551890,	-107.775000,	NaN,	-24.113500,	-9.289860,	-7.487170,	28.509300,	14.511400,	-10.876600,	-11.267600,	-54.061700,	3.903930,	-24.905100,	22.730100,	NaN,	15.776800,	46.399400,	10.940000,	-56.872900,	-16.086900,	-11.700300,	-15.425000,	-11.675500,	-11.523200,	-18.973500,	-47.033600,	-30.565600,	30.159300,	24.213400,	-12.176500,	12.214900,	8.156260,	19.646400,	12.062200,	-0.452621,	-1.187760,	41.027500,	25.315300,	-61.460300,	-30.278100,	-20.710700
-3.256000,	118.950000,	56.590600,	57.255400,	NaN,	97.348500,	54.381100,	24.821000,	2.425030,	25.493400,	NaN,	51.416100,	34.020000,	NaN,	49.718700,	5.753910,	49.895300,	16.388500,	12.211100,	40.428700,	83.412100,	44.758300,	74.933300,	-41.746000,	NaN,	41.595600,	-1.683780,	4.895680,	53.342000,	37.680300,	30.113300,	26.408400,	9.209030,	35.272600,	38.071000,	7.791600,	NaN,	11.114500,	5.308320,	25.172000,	-37.957800,	27.824300,	31.377200,	39.007800,	12.888300,	59.271800,	58.181700,	6.114230,	18.572800,	74.515900,	-2.400370,	14.179600,	10.271900,	66.586000,	1.856770,	0.497809,	NaN,	NaN,	NaN,	8.285600,	33.258500,	NaN,	2.027860,	-0.333684,	-10.078300,	26.582200,	17.112000,	-18.552500,	33.892500,	66.745200,	5.002530,	-118.129000,	NaN,	-10.488800,	-11.354200,	-5.838140,	0.372614,	5.522080,	17.364400,	-9.423770,	-6.780820,	-43.045100,	-11.979000,	24.766800,	NaN,	-5.607490,	43.357300,	11.017600,	-53.199800,	-12.991500,	10.059700,	27.648400,	19.854200,	42.072600,	48.312200,	6.939850,	-34.016600,	4.989660,	10.215700,	6.662540,	27.280900,	11.771800,	12.634400,	9.145220,	-3.236150,	-12.307000,	36.070900,	22.752200,	-55.202600,	-50.575400,	-7.746490
10.343700,	133.207000,	10.932400,	67.008500,	NaN,	98.443000,	36.930100,	6.882440,	-0.930816,	49.968200,	NaN,	49.357500,	32.061900,	NaN,	53.791700,	9.230640,	35.986400,	14.950000,	8.647130,	40.716300,	105.238000,	57.043400,	80.551800,	-18.131900,	NaN,	28.336600,	-2.768040,	-2.421290,	10.059000,	-5.306000,	22.409600,	22.493300,	46.307600,	22.579100,	42.101200,	-5.486640,	NaN,	-9.762230,	1.815900,	-6.425540,	-34.685900,	17.150100,	29.582000,	65.266400,	40.838300,	49.032500,	89.143200,	28.183900,	-2.416740,	92.828700,	-15.540700,	12.620700,	31.093700,	-2.099490,	-6.807840,	-2.322870,	NaN,	NaN,	NaN,	10.879000,	36.902700,	NaN,	-25.969800,	-5.480500,	-13.976300,	26.514600,	35.884700,	7.892230,	50.520900,	105.240000,	-4.364350,	-126.364000,	NaN,	-5.042420,	-10.274800,	-16.573000,	-33.042900,	-8.367750,	18.999500,	-12.815400,	32.764300,	-83.716500,	13.534400,	11.283400,	NaN,	-10.913600,	39.818800,	8.675040,	-58.941300,	-16.188900,	16.435000,	50.949700,	36.903000,	65.081400,	82.448200,	51.423000,	-44.624300,	-15.757100,	-6.977270,	14.480100,	26.882300,	6.980510,	-10.217900,	-8.631440,	-10.028100,	-24.185200,	-1.383550,	-8.429570,	-50.263500,	-71.812800,	-3.522120
17.074800,	138.784000,	-33.646500,	62.819500,	NaN,	102.953000,	22.117700,	2.563160,	-11.872400,	42.917200,	NaN,	52.208500,	30.409700,	NaN,	54.117600,	5.735170,	11.609300,	10.636900,	14.835300,	44.927700,	101.956000,	48.137200,	90.821700,	4.095590,	NaN,	2.672040,	18.064800,	-17.414400,	-4.117750,	-6.579650,	12.916800,	17.241100,	85.629800,	0.060431,	30.869300,	-29.318800,	NaN,	-8.940660,	-6.645810,	-14.756500,	-4.967510,	12.380600,	29.151800,	74.619300,	52.268200,	36.259700,	105.884000,	19.706500,	-9.919300,	69.639800,	-16.833100,	10.793000,	18.982600,	-89.984700,	-24.655800,	-12.687100,	NaN,	NaN,	NaN,	0.822768,	6.332760,	NaN,	-42.059700,	-4.507030,	-25.010300,	13.490200,	47.662000,	10.554600,	50.465300,	94.014800,	-9.988860,	-98.931500,	NaN,	-5.005470,	4.068880,	-35.155700,	-33.891200,	-7.204670,	29.891400,	-7.190200,	56.264200,	-99.982400,	39.321700,	-11.396700,	NaN,	12.654600,	34.774800,	6.982220,	-45.113100,	-10.189900,	23.221100,	47.322700,	27.258000,	49.749800,	72.359300,	65.465800,	-52.452100,	-6.810560,	-3.543380,	16.350200,	26.170300,	-1.219850,	-27.074700,	-24.238600,	-15.386400,	-20.520600,	-42.969800,	-46.376500,	-28.347000,	-51.119300,	-3.939820
4.931130,	116.410000,	-42.748000,	51.425400,	NaN,	98.953100,	15.194800,	15.264300,	-6.687340,	17.367800,	NaN,	53.820600,	27.365600,	NaN,	46.082100,	3.898050,	-4.291640,	9.198740,	27.881200,	49.351400,	76.511900,	13.744400,	109.300000,	12.736200,	NaN,	-12.268400,	44.014500,	-24.132300,	14.827400,	25.245300,	32.660000,	20.103300,	95.969400,	-15.341300,	11.352000,	-39.132900,	NaN,	17.125800,	-15.812100,	0.345464,	34.339400,	10.729000,	26.520800,	62.334900,	41.014400,	34.453800,	98.606100,	2.556510,	17.981900,	34.205300,	-12.423700,	8.101360,	-2.249090,	-112.263000,	-21.781400,	-6.062170,	NaN,	NaN,	NaN,	-7.276690,	-29.864500,	NaN,	-37.306700,	0.166692,	-32.753700,	0.255903,	48.029200,	4.301950,	27.956500,	45.105000,	3.943120,	-29.890000,	NaN,	-0.393244,	22.740100,	-41.785800,	-9.621120,	5.536130,	61.803200,	10.667500,	54.219400,	-81.790600,	48.769300,	-25.557300,	NaN,	41.020100,	24.376200,	10.432400,	1.399100,	0.202466,	29.786100,	30.088200,	-0.376282,	20.266700,	36.066700,	42.621900,	-41.566000,	27.531900,	18.674900,	24.883000,	29.524000,	-5.841670,	-24.081600,	-22.764900,	-19.102000,	3.641920,	-61.708200,	-56.219900,	12.818900,	6.298420,	1.285580
-18.076400,	51.582200,	-24.265300,	25.025400,	NaN,	61.772400,	3.778290,	15.042600,	-3.735990,	-9.975330,	NaN,	34.323000,	16.641200,	NaN,	14.334300,	9.757380,	-6.113260,	4.591180,	32.180600,	32.836500,	35.058700,	-29.912900,	112.784000,	7.502670,	NaN,	-19.969000,	39.275900,	-10.222300,	22.339200,	31.903200,	57.714900,	15.038100,	54.694600,	-16.395100,	-7.797240,	-21.412200,	NaN,	38.252500,	-23.675300,	7.881420,	41.838000,	3.823000,	10.865400,	25.863500,	10.153200,	36.952800,	52.909000,	-7.741350,	51.874200,	7.168490,	-18.373300,	-6.532430,	-13.402800,	-51.471300,	8.128060,	6.529230,	NaN,	NaN,	NaN,	-13.005700,	-56.749400,	NaN,	-18.740000,	2.657170,	-21.649400,	-11.333600,	47.392300,	6.338780,	-3.710540,	-17.509700,	28.831400,	44.241000,	NaN,	4.817320,	20.986800,	-25.180700,	-6.378340,	4.175230,	77.881700,	17.704800,	27.820600,	-43.687000,	34.686400,	-25.323400,	NaN,	36.368500,	8.783920,	16.892000,	42.060500,	-2.846250,	21.616600,	12.873400,	-27.851100,	0.805890,	-4.118670,	0.300849,	-17.005900,	45.014900,	25.637500,	34.593300,	26.406300,	-6.963290,	-13.922300,	-12.322300,	-24.598400,	29.801600,	-54.600200,	-31.193500,	41.027900,	46.271400,	11.686100
-28.816400,	-37.239300,	-7.939760,	-24.943700,	NaN,	-20.392100,	-25.305900,	-30.301100,	-28.892900,	-31.314600,	NaN,	-9.661890,	-5.120190,	NaN,	-41.959600,	19.584100,	1.735180,	-8.027490,	10.682200,	-13.217700,	-12.425300,	-59.405300,	70.361900,	-21.464000,	NaN,	-41.818100,	-12.554200,	14.980000,	-15.171900,	-17.886500,	40.849900,	-10.814100,	-16.744000,	-13.687900,	-21.242500,	5.762140,	NaN,	17.638400,	-28.868500,	-24.543700,	-4.257520,	-10.401900,	-19.388800,	-20.545300,	-28.107400,	30.263600,	-21.530400,	-25.081000,	42.954200,	-16.806800,	-36.537300,	-40.710200,	-18.046200,	33.306600,	38.124400,	-7.547090,	NaN,	NaN,	NaN,	-24.029000,	-77.034000,	NaN,	-8.340550,	1.817730,	1.467550,	-20.822100,	43.367100,	11.455500,	-27.416800,	-77.004200,	34.387400,	69.206800,	NaN,	-7.971950,	-13.313900,	5.135940,	-46.810200,	-23.662000,	36.180200,	-10.521300,	-13.784000,	-17.406800,	5.362480,	-22.660200,	NaN,	-18.692300,	-12.308200,	11.216300,	27.620900,	-23.398000,	-3.334490,	-4.934920,	-41.004200,	-8.304000,	-32.272300,	-45.287800,	-1.436460,	6.501620,	-10.571800,	29.179600,	3.426970,	-8.448690,	-17.864100,	-10.571800,	-34.504400,	32.597800,	-39.981200,	2.660840,	26.175100,	24.204600,	16.246300
-13.605200,	-113.775000,	-9.825980,	-90.648500,	NaN,	-121.281000,	-61.294000,	-108.214000,	-74.435100,	-46.493700,	NaN,	-54.144400,	-27.671200,	NaN,	-92.978200,	24.994000,	8.421580,	-26.642200,	-37.701200,	-70.799900,	-52.495600,	-71.869900,	-30.687800,	-79.568800,	NaN,	-81.126900,	-81.897400,	26.153500,	-80.275700,	-94.583400,	-24.539700,	-52.217300,	-89.371900,	-20.074000,	-28.620300,	16.801800,	NaN,	-41.323500,	-32.002300,	-90.616000,	-81.944900,	-27.275200,	-50.973400,	-55.069900,	-60.871600,	11.391800,	-83.295200,	-61.421300,	-17.029600,	-56.997100,	-55.529400,	-80.026400,	-31.528500,	65.832600,	35.315800,	-58.669200,	NaN,	NaN,	NaN,	-36.040000,	-90.434600,	NaN,	-34.625800,	-0.449288,	13.063900,	-31.874500,	19.420100,	3.864650,	-46.876800,	-121.814000,	-0.015203,	12.373000,	NaN,	-45.917700,	-62.079700,	24.788100,	-105.607000,	-62.140400,	-54.355200,	-75.492600,	-65.546200,	-23.576800,	-20.869000,	-27.191000,	NaN,	-99.669700,	-36.176800,	-14.938200,	-39.960100,	-46.973100,	-30.021200,	-27.638600,	-35.129500,	-20.939700,	-44.315700,	-92.784800,	-4.950820,	-71.136200,	-74.981200,	2.571080,	-36.579200,	-10.892500,	-37.644200,	-20.449700,	-44.638600,	6.672270,	-37.638300,	16.217600,	-23.981400,	-51.897400,	6.737740
10.549200,	-154.048000,	-18.626800,	-147.738000,	NaN,	-194.263000,	-80.735900,	-165.634000,	-106.447000,	-54.404000,	NaN,	-77.215900,	-38.224100,	NaN,	-109.483000,	22.123000,	-0.039792,	-46.526600,	-88.261200,	-111.265000,	-78.877600,	-77.441400,	-160.082000,	-138.465000,	NaN,	-113.720000,	-117.243000,	13.032800,	-128.151000,	-146.299000,	-104.035000,	-91.463700,	-153.396000,	-32.575400,	-35.237800,	3.861850,	NaN,	-94.324300,	-35.663900,	-150.637000,	-143.608000,	-37.937300,	-64.305200,	-65.460700,	-77.568100,	-9.182490,	-100.247000,	-99.447100,	-86.414600,	-115.302000,	-61.921200,	-98.342800,	-57.518800,	15.795300,	-3.434820,	-117.426000,	NaN,	NaN,	NaN,	-36.433500,	-87.141900,	NaN,	-106.109000,	-2.338030,	1.146320,	-50.733500,	-22.193900,	-23.956700,	-67.445200,	-144.196000,	-59.637700,	-98.749600,	NaN,	-87.086300,	-91.547300,	22.863200,	-139.927000,	-85.301300,	-142.391000,	-143.442000,	-117.967000,	-41.085600,	-32.024500,	-34.615500,	NaN,	-153.459000,	-58.285500,	-46.965400,	-108.815000,	-56.195200,	-44.010700,	-46.067500,	-13.799700,	-34.889400,	-44.722900,	-135.547000,	-19.564400,	-130.986000,	-123.563000,	-31.277200,	-67.501900,	-10.515600,	-51.297600,	-26.148300,	-46.216700,	-27.377700,	-49.443700,	3.106600,	-70.374100,	-128.363000,	-9.670440
19.866100,	-157.317000,	-18.899100,	-173.935000,	NaN,	-222.907000,	-81.132500,	-170.734000,	-103.184000,	-51.875200,	NaN,	-82.763900,	-41.544100,	NaN,	-95.390000,	13.170500,	-31.490100,	-61.682200,	-107.786000,	-117.190000,	-92.346400,	-73.637200,	-257.784000,	-163.152000,	NaN,	-113.933000,	-98.374600,	-9.708620,	-130.290000,	-145.591000,	-160.883000,	-111.996000,	-192.254000,	-40.027700,	-52.885100,	-20.047800,	NaN,	-106.933000,	-40.725800,	-174.314000,	-159.478000,	-37.003100,	-52.260500,	-53.372600,	-75.283100,	-21.121500,	-84.001500,	-116.429000,	-121.212000,	-168.289000,	-48.406000,	-86.119200,	-79.376300,	-85.328100,	-44.546600,	-142.174000,	NaN,	NaN,	NaN,	-26.668100,	-63.397900,	NaN,	-190.065000,	-2.002930,	-26.651700,	-75.285500,	-55.361900,	-59.878100,	-76.533900,	-144.582000,	-108.609000,	-183.716000,	NaN,	-102.502000,	-85.555500,	11.202800,	-127.629000,	-79.705600,	-179.088000,	-165.514000,	-148.117000,	-35.137900,	-33.592600,	-38.634600,	NaN,	-143.914000,	-74.098700,	-62.244400,	-133.889000,	-43.899300,	-43.550100,	-49.143800,	10.879500,	-38.073000,	-41.682400,	-154.339000,	-39.363800,	-137.903000,	-128.344000,	-54.156300,	-64.602500,	-5.783290,	-41.501600,	-15.629600,	-34.143900,	-45.464700,	-63.419300,	-23.584400,	-81.058600,	-152.920000,	-18.721100
11.494900,	-129.192000,	-11.974100,	-163.955000,	NaN,	-224.340000,	-83.910600,	-135.604000,	-74.771900,	-38.376600,	NaN,	-84.922600,	-52.439400,	NaN,	-82.039400,	3.589890,	-72.480900,	-63.762100,	-85.442500,	-92.908200,	-90.621500,	-53.567200,	-278.484000,	-145.467000,	NaN,	-81.056000,	-49.011800,	-23.623000,	-88.621300,	-96.250200,	-172.844000,	-106.131000,	-184.527000,	-42.652400,	-83.715500,	-44.143000,	NaN,	-84.112700,	-43.106600,	-160.041000,	-130.856000,	-29.471000,	-29.778900,	-33.389000,	-63.232500,	-21.977900,	-66.780100,	-115.059000,	-111.846000,	-185.233000,	-16.065600,	-56.129700,	-76.352400,	-165.482000,	-51.816200,	-113.256000,	NaN,	NaN,	NaN,	-15.546400,	-25.975000,	NaN,	-234.950000,	1.467900,	-53.055100,	-88.524200,	-63.444400,	-81.485500,	-60.206700,	-127.629000,	-122.587000,	-181.852000,	NaN,	-87.169500,	-54.608100,	5.261700,	-76.131200,	-47.618100,	-152.737000,	-123.491000,	-143.172000,	0.864183,	-35.109000,	-38.851700,	NaN,	-83.472800,	-80.905700,	-55.104500,	-104.763000,	-12.815400,	-33.052500,	-42.342800,	26.274900,	-32.273700,	-40.376400,	-146.126000,	-60.927800,	-103.730000,	-94.408600,	-53.019700,	-29.211300,	2.203990,	-12.490900,	5.876390,	-11.025100,	-38.877200,	-67.283100,	-43.488700,	-52.041600,	-111.287000,	-13.493000
-3.421070,	-79.683900,	-9.215120,	-127.675000,	NaN,	-223.043000,	-100.407000,	-86.321600,	-43.702300,	-21.712100,	NaN,	-86.075800,	-68.371500,	NaN,	-92.986500,	-2.947990,	-101.045000,	-47.856900,	-40.700800,	-51.365300,	-69.143700,	-27.980000,	-225.761000,	-97.338100,	NaN,	-32.310500,	-6.717250,	-25.059300,	-29.651900,	-26.511000,	-134.402000,	-75.867400,	-136.409000,	-45.949700,	-112.183000,	-60.424800,	NaN,	-46.543000,	-39.736400,	-122.501000,	-72.408900,	-28.185200,	-17.174500,	-24.180900,	-54.735700,	-17.067200,	-61.152600,	-104.593000,	-73.221400,	-155.213000,	22.598100,	-25.117100,	-43.828600,	-179.504000,	-22.069500,	-43.781500,	NaN,	NaN,	NaN,	-3.805820,	15.330900,	NaN,	-220.746000,	6.503930,	-63.142400,	-75.462400,	-51.397400,	-73.522100,	-25.292100,	-95.297600,	-101.620000,	-110.695000,	NaN,	-54.253300,	-18.593600,	6.992980,	-9.751210,	-2.217910,	-82.475800,	-43.879800,	-114.264000,	45.165800,	-34.657900,	-35.937700,	NaN,	-12.144400,	-78.702400,	-36.615800,	-33.105800,	24.803600,	-19.117500,	-36.182300,	29.885900,	-29.369800,	-40.663100,	-126.752000,	-71.090700,	-59.180600,	-42.839000,	-27.429700,	10.376900,	11.261400,	19.320100,	25.251900,	11.160000,	-17.131900,	-61.012900,	-42.209100,	-1.629510,	-32.210800,	0.538655
-17.369800,	-28.350900,	-14.563000,	-79.241700,	NaN,	-212.358000,	-112.201000,	-32.565800,	-24.112100,	-10.536000,	NaN,	-78.383800,	-69.073700,	NaN,	-108.835000,	-6.208980,	-107.836000,	-21.305500,	0.954354,	-4.407390,	-33.780000,	-14.292500,	-141.284000,	-28.558200,	NaN,	16.648000,	14.854200,	-21.105200,	12.180600,	23.455400,	-66.641800,	-35.483400,	-81.369100,	-45.171000,	-118.611000,	-56.997900,	NaN,	-2.040600,	-31.072400,	-70.894500,	-1.446170,	-36.218200,	-17.269100,	-32.045700,	-51.588500,	-15.249200,	-57.849000,	-79.422600,	-24.017500,	-93.031200,	49.434300,	0.643372,	2.450080,	-142.566000,	14.631800,	30.721600,	NaN,	NaN,	NaN,	10.747200,	49.780200,	NaN,	-163.803000,	8.660650,	-51.464400,	-43.832200,	-25.711500,	-41.746800,	10.200500,	-49.379600,	-58.776900,	-20.764700,	NaN,	-16.303500,	9.696790,	8.664290,	42.194000,	35.154000,	-3.012570,	32.687500,	-78.357500,	74.355600,	-27.078100,	-28.623100,	NaN,	43.465300,	-66.127900,	-16.327600,	55.475900,	52.091600,	-10.782000,	-29.587200,	27.714500,	-30.757900,	-38.279200,	-101.480000,	-56.804800,	-16.677600,	9.007020,	6.383330,	23.512300,	17.958600,	38.387400,	34.858600,	20.283600,	2.935370,	-51.457500,	-25.692700,	49.416000,	45.511100,	13.571300
-21.879900,	4.580070,	-21.833800,	-28.104300,	NaN,	-157.102000,	-92.159200,	25.344300,	-14.870100,	-5.426740,	NaN,	-54.588600,	-43.277600,	NaN,	-81.449000,	-9.832620,	-94.687200,	3.653550,	28.817600,	41.872200,	-0.098489,	-9.755000,	-56.594900,	52.300900,	NaN,	54.026900,	26.049700,	-15.997000,	24.937800,	37.317000,	-6.482540,	-2.171640,	-32.544100,	-29.441300,	-93.786600,	-29.753700,	NaN,	45.350200,	-18.338700,	-4.892400,	62.753300,	-40.680200,	-15.021900,	-46.062300,	-42.815500,	-21.329800,	-49.606000,	-33.894800,	20.887700,	-24.562700,	58.273800,	22.771300,	39.261900,	-95.227600,	29.478500,	79.605400,	NaN,	NaN,	NaN,	18.520700,	59.289800,	NaN,	-83.605600,	5.622600,	-27.351500,	-13.529400,	9.651310,	-11.834100,	36.894600,	0.485994,	-10.089600,	65.188900,	NaN,	18.487800,	25.730800,	7.575400,	67.555500,	49.201700,	53.779900,	79.848900,	-34.234400,	79.687200,	-11.962500,	-17.381800,	NaN,	81.673600,	-40.832300,	3.699360,	125.653000,	62.252800,	-11.801400,	-19.458800,	22.467500,	-30.032100,	-33.197800,	-56.477000,	-24.594200,	29.297400,	50.892800,	28.356900,	5.955860,	19.093900,	39.050700,	33.944500,	16.641700,	11.733200,	-38.766900,	-12.144600,	88.411400,	105.129000,	19.109300
-12.256900,	21.774600,	-18.076200,	21.419800,	NaN,	-38.449700,	-36.002900,	82.118600,	-5.091880,	0.441195,	NaN,	-11.055200,	-2.999230,	NaN,	-5.698840,	-14.497200,	-62.771500,	21.980600,	45.820700,	80.800300,	23.252300,	-2.331210,	24.133600,	120.500000,	NaN,	75.732400,	42.214900,	-10.963500,	32.577800,	41.618900,	29.175800,	22.929900,	22.166500,	3.043080,	-40.899000,	0.241023,	NaN,	83.944500,	-3.030610,	68.823900,	105.515000,	-27.588900,	2.017240,	-51.572400,	-18.958800,	-30.587600,	-35.658000,	22.497800,	56.086100,	35.101200,	58.141000,	42.166000,	53.281600,	-54.196700,	14.931400,	90.979000,	NaN,	NaN,	NaN,	12.844400,	34.870800,	NaN,	11.163800,	-0.010679,	-5.295280,	4.729830,	38.698100,	-6.629240,	49.580100,	42.003600,	33.069300,	146.353000,	NaN,	44.567700,	33.353400,	4.610140,	80.814800,	45.345700,	78.370100,	94.827000,	23.711700,	65.969600,	7.124590,	-6.801550,	NaN,	104.922000,	-7.691490,	21.051700,	158.061000,	60.819800,	-13.380800,	-11.879700,	11.139000,	-27.832300,	-27.604000,	10.651400,	8.477540,	77.666800,	79.981900,	31.960900,	-18.183000,	15.728700,	25.389100,	24.987900,	11.061900,	12.405700,	-16.381900,	-8.004660,	112.281000,	149.456000,	15.913900
-0.833006,	38.501400,	3.894240,	64.843800,	NaN,	104.795000,	32.447100,	121.297000,	14.877900,	11.064500,	NaN,	41.413500,	32.732900,	NaN,	76.851500,	-13.906600,	-17.196600,	32.508000,	51.985800,	96.326900,	35.942600,	5.200350,	97.017400,	141.922000,	NaN,	87.752600,	60.123200,	-8.996920,	58.204100,	61.771000,	54.694800,	50.491800,	77.677000,	35.705000,	15.561600,	11.414300,	NaN,	103.222000,	8.604460,	123.896000,	116.515000,	0.225216,	28.764100,	-42.686200,	13.213000,	-33.418300,	-13.277600,	79.358400,	82.066700,	81.745500,	53.670900,	55.642800,	49.738800,	-11.767200,	-13.263300,	72.785400,	NaN,	NaN,	NaN,	3.938200,	-2.173820,	NaN,	98.286300,	-4.819850,	11.321800,	13.836600,	43.148800,	-16.782600,	41.100900,	72.031800,	67.262800,	198.087000,	NaN,	62.291800,	37.241400,	-2.918390,	92.181400,	38.585800,	84.436900,	87.212900,	80.958300,	43.483300,	19.579400,	1.093940,	NaN,	109.483000,	22.684800,	33.347700,	158.211000,	51.080500,	-4.843680,	-9.358240,	-3.462190,	-27.310200,	-19.741900,	79.927900,	34.933200,	110.821000,	93.663800,	23.864100,	-27.034200,	10.805900,	7.392730,	12.449300,	9.958580,	9.276570,	10.702400,	-7.444440,	116.052000,	168.260000,	8.788040
-3.090160,	53.369000,	27.869000,	89.793400,	NaN,	197.347000,	80.542500,	123.553000,	37.217400,	23.456600,	NaN,	77.313900,	51.620900,	NaN,	120.469000,	-4.343300,	25.235200,	31.210800,	43.541200,	75.341900,	36.921300,	5.591490,	137.962000,	109.578000,	NaN,	86.956900,	60.901100,	-9.862120,	84.120300,	78.340700,	75.659800,	73.361000,	103.073000,	47.638500,	47.318900,	10.253700,	NaN,	95.246100,	13.869100,	130.205000,	89.000500,	23.666500,	47.385500,	-20.579400,	37.473400,	-24.287800,	18.400900,	123.807000,	90.344800,	108.470000,	38.064200,	56.566600,	41.677600,	36.672100,	-30.343300,	42.231500,	NaN,	NaN,	NaN,	2.218770,	-20.158500,	NaN,	141.996000,	-7.068360,	27.886700,	19.521900,	27.293800,	-14.809700,	15.667300,	92.426000,	89.705900,	177.019000,	NaN,	72.565100,	36.613600,	-16.567700,	83.357200,	30.380800,	77.289600,	67.240500,	110.749000,	21.624600,	14.057700,	8.381880,	NaN,	87.800200,	42.814300,	39.950600,	128.788000,	29.057500,	9.112070,	-2.564330,	-11.816900,	-21.638100,	-4.973480,	124.789000,	53.414900,	107.433000,	82.951900,	12.912700,	-20.422100,	3.908110,	-5.282930,	0.080451,	9.665840,	3.059820,	27.459800,	-5.495590,	86.493800,	134.766000,	3.031550
-8.683030,	53.564500,	30.867000,	87.428900,	NaN,	195.301000,	92.345200,	83.085100,	45.747200,	33.761200,	NaN,	76.500300,	46.965100,	NaN,	108.615000,	7.024720,	50.316600,	19.544600,	24.708500,	26.484700,	29.465200,	8.902830,	129.547000,	50.180100,	NaN,	61.134200,	34.916800,	-4.450380,	75.499300,	60.559800,	79.801200,	69.734600,	90.556800,	36.966000,	55.849900,	18.438900,	NaN,	55.489200,	16.816900,	85.413300,	34.268700,	30.239900,	44.814200,	11.819800,	47.706600,	-7.072600,	47.894900,	134.260000,	66.656700,	108.624000,	7.746160,	41.105900,	34.675800,	84.883700,	-19.599800,	17.881300,	NaN,	NaN,	NaN,	2.815920,	-11.228700,	NaN,	133.988000,	-6.065050,	42.552100,	25.689200,	11.944400,	8.819750,	-6.128300,	93.118700,	89.858700,	85.511300,	NaN,	69.279200,	27.545700,	-23.991300,	39.728800,	13.653100,	50.639300,	42.265700,	104.123000,	1.994910,	-3.255630,	16.242300,	NaN,	38.244800,	49.822300,	37.287700,	60.579600,	-3.734490,	15.440800,	14.938000,	-10.071200,	-0.109976,	17.025000,	134.021000,	57.883300,	62.011400,	44.128800,	3.508790,	-6.531090,	-5.135970,	-7.846710,	-9.969780,	6.603930,	-2.175000,	33.590400,	2.265280,	22.222600,	46.782200,	0.102530
0.357501,	38.560900,	13.014400,	62.889600,	NaN,	122.122000,	70.130900,	20.048700,	38.056600,	34.130500,	NaN,	45.434200,	21.585900,	NaN,	60.736200,	10.644500,	62.756600,	8.753890,	6.020430,	-19.520300,	17.746600,	26.082300,	84.857700,	-3.516060,	NaN,	11.976000,	-2.911050,	11.110000,	26.587300,	15.539500,	65.130400,	38.957600,	66.804200,	17.667100,	61.137900,	34.546100,	NaN,	-4.293090,	24.484200,	26.402200,	-14.357500,	25.420900,	22.238800,	46.079600,	47.766600,	9.988610,	59.737400,	95.019800,	16.573700,	81.139000,	-24.513700,	13.959600,	23.729500,	119.310000,	12.514600,	6.837260,	NaN,	NaN,	NaN,	-0.734292,	6.992330,	NaN,	101.069000,	-2.827050,	44.249600,	34.748000,	3.634520,	37.920100,	-8.712920,	62.271700,	59.021600,	-21.024200,	NaN,	43.359900,	11.088800,	-13.439900,	-16.150800,	-7.253940,	14.159500,	14.585800,	74.642000,	-20.157900,	-10.334600,	22.743400,	NaN,	-20.765800,	42.537300,	21.345100,	-33.512700,	-32.059300,	13.378500,	31.357900,	-6.464390,	29.790700,	36.545000,	108.253000,	45.629900,	-0.789192,	-5.152170,	-2.189720,	10.857500,	-12.439300,	-4.992120,	-16.849900,	3.060100,	-0.082662,	41.451400,	18.177400,	-49.902700,	-51.545000,	-1.544660
18.792100,	19.573900,	-3.963200,	32.952200,	NaN,	36.347400,	29.304400,	-33.247900,	27.400200,	20.300500,	NaN,	11.992900,	-6.814720,	NaN,	9.727410,	5.660990,	69.277900,	6.907630,	-6.394520,	-40.424600,	4.600470,	44.478800,	35.489200,	-36.405600,	NaN,	-35.127800,	-30.558500,	26.541200,	-29.039000,	-23.284000,	46.381200,	6.578870,	53.132700,	3.610770,	68.458700,	39.640900,	NaN,	-55.139200,	35.352400,	-6.774810,	-30.956600,	19.850200,	-7.216950,	66.351700,	41.282000,	18.633000,	52.200600,	23.354600,	-29.186200,	37.291400,	-42.420100,	-10.958300,	6.361130,	123.924000,	38.376000,	2.287820,	NaN,	NaN,	NaN,	-3.388310,	19.412500,	NaN,	70.314300,	0.699467,	28.358300,	42.419200,	-6.530710,	51.886900,	-0.595632,	11.909800,	9.861410,	-86.027600,	NaN,	1.516920,	-4.665730,	7.292750,	-47.275700,	-19.228400,	-9.175930,	-16.161800,	39.897900,	-45.165800,	3.790190,	27.165000,	NaN,	-61.922700,	25.931100,	-2.827380,	-106.028000,	-42.862000,	11.646500,	30.786400,	-8.238110,	45.250400,	41.229900,	56.996800,	25.950400,	-45.415400,	-37.535700,	-2.674100,	27.217800,	-13.372400,	-4.110370,	-18.636000,	1.666010,	8.284810,	52.072600,	37.170700,	-93.236700,	-107.780000,	-3.613310
28.041400,	4.955540,	-6.622530,	10.912000,	NaN,	-20.364200,	-7.416600,	-56.074400,	22.119800,	-0.897765,	NaN,	-5.685240,	-20.275000,	NaN,	-20.591000,	-0.318641,	66.370200,	9.831340,	-12.427000,	-39.709200,	-6.625150,	46.499300,	2.252370,	-44.235400,	NaN,	-53.691900,	-38.480100,	30.698800,	-57.516400,	-37.292100,	33.867600,	-7.237430,	43.382500,	-2.374900,	65.007000,	31.638500,	NaN,	-71.151600,	40.715100,	-8.831580,	-19.700900,	15.632700,	-26.829800,	64.047000,	28.322300,	17.925000,	35.935100,	-35.231900,	-45.297700,	-3.056120,	-42.315800,	-22.545300,	-9.913750,	96.353900,	40.849300,	-3.068950,	NaN,	NaN,	NaN,	-0.795771,	24.158500,	NaN,	48.080600,	3.258320,	7.300840,	40.775900,	-19.270300,	45.132000,	2.815810,	-28.125900,	-28.238800,	-93.231400,	NaN,	-30.951000,	-12.198500,	21.543400,	-44.396700,	-17.650700,	-9.777830,	-38.444800,	11.441400,	-59.560500,	23.201900,	28.797700,	NaN,	-68.968900,	8.870330,	-21.168600,	-121.421000,	-37.438900,	12.881000,	16.536800,	-12.497500,	39.469300,	31.552700,	4.912440,	11.073400,	-54.550600,	-41.715400,	0.128550,	35.413600,	-8.756780,	-3.776640,	-13.857800,	1.693700,	15.207800,	54.177300,	47.038000,	-93.157600,	-107.220000,	-4.415460
24.046300,	-2.227060,	-1.533110,	0.218980,	NaN,	-39.720700,	-23.927400,	-51.370100,	19.094500,	-13.999000,	NaN,	-9.151460,	-18.356100,	NaN,	-26.587100,	-2.399130,	52.219500,	10.546500,	-13.393500,	-29.137600,	-9.982070,	33.967300,	-11.739700,	-35.962800,	NaN,	-45.525800,	-31.363500,	24.888900,	-53.402200,	-30.747700,	23.961400,	-7.211150,	30.447000,	-3.259290,	48.643600,	19.793700,	NaN,	-57.417600,	35.133700,	-1.541340,	-3.949310,	11.203700,	-29.676800,	47.991200,	14.194300,	13.957200,	21.279200,	-53.345400,	-36.905500,	-21.885000,	-31.420000,	-20.757100,	-16.128900,	59.156500,	28.349400,	-6.795130,	NaN,	NaN,	NaN,	3.125460,	23.273800,	NaN,	31.003600,	4.053290,	-4.913530,	30.490600,	-24.453200,	29.311000,	0.554441,	-39.500700,	-38.930900,	-66.832800,	NaN,	-38.598300,	-11.612300,	22.860700,	-26.878800,	-9.918580,	-2.320250,	-41.361000,	-4.312920,	-53.837300,	29.677400,	24.991200,	NaN,	-51.921600,	-1.197640,	-25.073900,	-92.967000,	-25.046900,	12.450700,	4.575460,	-12.566700,	25.940900,	18.915400,	-22.898300,	4.413570,	-41.655400,	-29.666400,	2.933790,	32.101900,	-3.491130,	-1.796940,	-6.586540,	1.661300,	15.703300,	43.650100,	43.485400,	-66.400400,	-75.824900,	-2.826100
15.831100,	-4.554900,	2.007750,	-3.936540,	NaN,	-37.635500,	-25.068900,	-36.095000,	14.021600,	-16.637000,	NaN,	-7.652180,	-12.135500,	NaN,	-21.719600,	-2.441390,	33.619700,	8.450730,	-10.776800,	-17.297200,	-8.669770,	19.486900,	-14.429000,	-23.262100,	NaN,	-29.695000,	-20.126600,	16.089900,	-37.236400,	-19.292700,	14.410200,	-4.463500,	17.447200,	-2.584430,	29.450800,	9.760290,	NaN,	-36.197000,	24.135000,	2.885960,	4.725380,	6.710430,	-23.365800,	29.298200,	4.260040,	9.083140,	10.138500,	-47.075800,	-22.960700,	-24.355300,	-18.781900,	-14.345200,	-14.808400,	28.365600,	15.107600,	-7.086930,	NaN,	NaN,	NaN,	4.550100,	17.786000,	NaN,	16.794900,	3.459950,	-8.839290,	18.436500,	-21.220000,	14.914700,	-1.315320,	-33.994300,	-33.404200,	-37.357800,	NaN,	-31.882200,	-8.179700,	17.541800,	-11.666000,	-3.578360,	2.367250,	-32.388100,	-9.936850,	-38.008400,	25.336800,	17.530500,	NaN,	-30.806500,	-5.126220,	-20.394200,	-56.028900,	-13.341900,	9.488580,	-1.675180,	-9.506050,	13.600300,	8.824970,	-29.284100,	1.160770,	-25.007700,	-16.332100,	3.733080,	22.841700,	-0.188965,	-0.183454,	-1.435360,	1.281190,	12.090600,	28.356100,	31.730700,	-37.412500,	-42.455800,	-1.155820
