2.368680,	98.555500,	59.785900,	46.152600,	-3.617780,	48.976700,	-9.038130,	30.665500,	-19.840000,	-0.792428,	-3.379160,	-3.379160,	53.657800,	37.330100,	50.008500,	74.178500,	74.178500,	-28.609500,	-28.609500,	39.022100,	39.587200,	30.297000,	-21.139500,	-16.504600,	-8.744220,	-26.018500,	105.919000,	73.222300,	74.462300,	22.103100,	27.578800,	4.415000,	116.262000,	27.965500,	156.897000,	15.029800,	15.029800,	27.286800,	66.248300,	12.841600,	-3.564140,	125.336000,	5.259930,	-43.093800,	-25.801400,	-25.801400,	-22.005600,	-26.161400,	-26.161400,	267.118000,	-31.587600,	-26.789000,	-11.185600,	79.539500,	-10.455500,	-32.798600,	-32.896300,	7.998180,	31.972200,	26.113200,	15.067800,	95.173100,	37.456000,	20.029300,	27.389800,	-2.486510,	-27.273100,	14.748300,	-18.966400,	6.668320,	42.408200,	-8.921580,	-52.303400,	-19.088400,	32.987200,	20.123100,	77.384800,	26.216600,	34.945200,	26.724800,	172.324000,	77.991500,	51.498200,	41.020400,	14.271100,	34.406600,	81.972500,	12.917000,	20.804300,	-3.208870,	46.655900,	46.655900,	46.655900,	-32.081000,	-22.121400,	68.846200,	-20.533500,	232.593000,	-101.107000,	3.030680,	13.010200,	56.697700,	99.478700,	68.438800,	-15.297900,	8.068910,	8.068910,	23.690700,	11.589300,	59.311000,	-11.771700
-70.757100,	48.355700,	-6.731120,	16.017800,	-36.143300,	0.636453,	-36.726700,	31.312100,	-59.446100,	0.184685,	-11.349400,	-11.349400,	29.359300,	34.687000,	-4.691090,	-21.331400,	-21.331400,	-18.672900,	-18.672900,	-34.711800,	-8.799350,	-28.994900,	-22.502100,	-30.248500,	-42.228700,	-53.109800,	-68.691700,	49.012400,	-30.239000,	3.055350,	-36.764300,	-19.696500,	39.232000,	-26.471000,	-30.323200,	7.623970,	7.623970,	12.830100,	-9.333180,	10.691000,	-20.131700,	11.098000,	-48.584600,	-56.842900,	-31.767600,	-31.767600,	-50.991100,	-44.524600,	-44.524600,	-0.584391,	-41.580500,	-56.636600,	-25.841900,	35.137000,	-33.562400,	-27.546700,	-80.659400,	-46.048900,	18.601500,	12.160400,	10.307500,	61.747200,	39.010700,	3.667190,	24.536600,	-3.869090,	-78.678100,	-12.922400,	-60.102400,	-12.125800,	5.698370,	6.521290,	-81.419000,	-85.881900,	-56.523800,	10.866100,	-15.391600,	22.487400,	-12.598500,	-16.397800,	84.638100,	11.229400,	-41.517400,	10.545900,	7.808390,	16.187600,	-4.483140,	1.388580,	9.359530,	-33.804700,	-59.687400,	-59.687400,	-59.687400,	-43.738000,	-46.541700,	43.115400,	-53.671800,	-18.228900,	-176.790000,	-54.059400,	-44.537600,	8.228900,	21.051500,	31.195100,	-37.766900,	-0.565031,	-0.565031,	0.124957,	-3.471570,	34.045300,	-55.624900
-94.510200,	-13.155800,	-57.521600,	-6.252430,	-52.989000,	-41.068600,	-49.816300,	23.122500,	-73.673500,	0.192212,	-16.993200,	-16.993200,	3.854100,	22.182600,	-43.178900,	-96.563000,	-96.563000,	-14.566100,	-14.566100,	-76.876200,	-34.145800,	-61.408300,	-22.094100,	-35.800300,	-44.324900,	-55.962100,	-175.856000,	34.442000,	-102.280000,	-16.824400,	-78.686000,	-36.024900,	-21.540400,	-56.631700,	-159.417000,	0.898937,	0.898937,	0.585593,	-55.827900,	5.473870,	-19.276300,	-65.504000,	-72.348700,	-52.599200,	-31.873500,	-31.873500,	-68.715100,	-52.949500,	-52.949500,	-199.869000,	-26.702000,	-62.920000,	-33.168000,	-8.523850,	-38.680200,	-13.113700,	-88.368900,	-70.929600,	5.320970,	1.900430,	3.092850,	19.067800,	37.237300,	-2.097240,	14.882800,	-4.317560,	-87.600100,	-25.612200,	-66.090200,	-23.650200,	-27.636700,	17.548300,	-75.695200,	-102.670000,	-107.714000,	2.950940,	-85.866300,	17.280600,	-49.553200,	-49.229900,	6.560740,	-33.213200,	-101.688000,	-19.825500,	1.788010,	0.271697,	-63.694600,	-10.025700,	-0.669100,	-35.608500,	-123.176000,	-123.176000,	-123.176000,	-42.647700,	-59.181600,	3.937430,	-79.692400,	-198.677000,	-190.830000,	-76.065100,	-62.533000,	-39.027900,	-48.661200,	-6.552080,	-38.772700,	-6.846020,	-6.846020,	-21.078000,	-15.147300,	-1.680850,	-69.602400
-58.964400,	-59.647700,	-71.565700,	-15.271500,	-40.268600,	-58.503300,	-47.370300,	-1.364730,	-58.488400,	-0.700769,	-18.535000,	-18.535000,	-26.157400,	0.874571,	-58.235400,	-119.985000,	-119.985000,	-13.823400,	-13.823400,	-79.777100,	-28.182700,	-53.638700,	-26.275700,	-24.826600,	-18.139400,	-32.507000,	-181.068000,	25.672700,	-100.204000,	-31.570300,	-77.319600,	-35.717600,	-48.345500,	-55.988200,	-183.714000,	-2.692750,	-2.692750,	-7.498410,	-63.772200,	0.425271,	-5.345790,	-85.342100,	-61.465700,	-32.931900,	-23.282700,	-23.282700,	-65.725200,	-47.074200,	-47.074200,	-254.281000,	7.457550,	-43.766800,	-28.557500,	-38.206300,	-27.160100,	-2.806250,	-59.496800,	-52.951500,	-2.052640,	-6.271150,	-11.702700,	-25.890800,	19.479200,	-5.976820,	0.763818,	-3.858340,	-58.357700,	-18.501800,	-41.544700,	-11.736800,	-37.045600,	12.109500,	-33.534400,	-53.349300,	-106.234000,	-3.184490,	-96.500700,	7.985750,	-57.511500,	-56.758000,	-42.731000,	-47.259000,	-105.698000,	-40.972900,	-0.029119,	-8.962460,	-74.770800,	-20.608300,	-7.405860,	-14.321600,	-119.714000,	-119.714000,	-119.714000,	-25.614700,	-49.574200,	-24.542900,	-76.147700,	-243.232000,	-145.201000,	-66.113700,	-39.565000,	-62.795500,	-80.921500,	-25.417300,	-16.704900,	-12.600000,	-12.600000,	-32.925100,	-17.867900,	-33.094100,	-47.921100
-21.071600,	-67.667800,	-51.111100,	-23.098400,	-9.093100,	-50.099400,	-42.150800,	-33.425600,	-33.709900,	-2.109820,	-15.326200,	-15.326200,	-58.258900,	-19.378200,	-63.911200,	-99.812300,	-99.812300,	-8.189580,	-8.189580,	-74.628700,	-22.167700,	-30.915300,	-31.532400,	-4.941750,	-5.673080,	-13.035700,	-143.756000,	3.138100,	-39.535800,	-40.069700,	-45.767200,	-25.529300,	-62.466600,	-50.946100,	-149.782000,	-3.438670,	-3.438670,	-15.062800,	-63.777200,	-0.935504,	-2.558240,	-89.726100,	-52.323300,	-15.636500,	-10.289200,	-10.289200,	-45.818800,	-32.349700,	-32.349700,	-215.336000,	19.516000,	-20.842100,	-16.828700,	-49.373500,	-19.758900,	-14.771200,	-38.944500,	-13.651300,	-4.733010,	-17.889700,	-29.620600,	-64.678000,	-16.054600,	-27.228500,	-10.649200,	-3.159900,	-35.016300,	2.354540,	-18.052000,	20.511300,	-20.411300,	-9.366450,	0.798053,	2.323510,	-85.052400,	-11.625800,	-51.800700,	-6.876200,	-36.985300,	-45.429200,	-78.642100,	-55.454300,	-81.144500,	-48.171600,	0.923276,	-11.799400,	-63.455600,	-29.633200,	-11.423800,	-6.907520,	-90.728100,	-90.728100,	-90.728100,	-6.084470,	-23.504400,	-27.410600,	-39.587700,	-203.569000,	-92.013200,	-61.633500,	-25.584500,	-55.758400,	-73.166900,	-18.925600,	10.970600,	-19.943300,	-19.943300,	-33.610000,	-13.370900,	-44.139900,	-24.319400
-25.745600,	-44.177000,	-15.954300,	-41.720300,	20.824000,	-27.381200,	-36.885100,	-56.430900,	-9.696520,	-0.499658,	-10.756100,	-10.756100,	-79.087700,	-35.711800,	-75.455800,	-66.985200,	-66.985200,	3.828480,	3.828480,	-78.496900,	-43.298300,	-8.515310,	-24.110700,	13.084600,	-25.584600,	-19.461600,	-116.033000,	-39.743200,	34.933500,	-48.089500,	-5.699110,	-15.958600,	-85.676500,	-55.144600,	-118.848000,	-4.343110,	-4.343110,	-25.605700,	-73.941900,	-4.293160,	-19.143200,	-114.585000,	-62.282400,	-3.818180,	5.060510,	5.060510,	-14.989400,	-14.566300,	-14.566300,	-167.172000,	-10.282900,	-9.262520,	-3.428430,	-45.758100,	-25.658100,	-44.124800,	-45.391500,	22.063900,	-8.013620,	-26.449600,	-39.244400,	-89.305600,	-51.950300,	-64.562200,	-16.888900,	-2.815530,	-42.222700,	29.260900,	-7.237980,	51.223100,	7.492900,	-28.527200,	-2.144050,	8.292340,	-64.427000,	-24.704800,	10.289400,	-23.089100,	-4.148090,	-28.891300,	-114.305000,	-69.928400,	-61.239800,	-46.127300,	0.044072,	-12.614000,	-59.642500,	-32.805200,	-14.038100,	-32.469200,	-77.229700,	-77.229700,	-77.229700,	8.689750,	5.230380,	-20.601600,	9.505130,	-151.446000,	-51.079400,	-76.319900,	-47.179000,	-29.167500,	-51.249600,	-3.396480,	27.171900,	-26.295600,	-26.295600,	-26.843800,	-7.576370,	-37.945600,	-23.120700
-51.328600,	-15.077400,	7.929680,	-66.760900,	36.464600,	-4.005360,	-27.596800,	-61.289000,	13.907100,	7.178810,	-8.294540,	-8.294540,	-78.013600,	-49.447500,	-88.286100,	-44.097500,	-44.097500,	4.667470,	4.667470,	-78.498200,	-79.532000,	15.818600,	-2.373720,	26.075100,	-51.097200,	-39.616600,	-89.092600,	-79.190700,	87.423100,	-55.244300,	25.641200,	-10.063000,	-103.287000,	-54.801500,	-97.900700,	-8.627500,	-8.627500,	-32.512700,	-75.489600,	-13.109200,	-35.466900,	-141.219000,	-67.442200,	10.651500,	18.858300,	18.858300,	16.108500,	0.171684,	0.171684,	-126.914000,	-50.426700,	-13.821300,	8.038200,	-34.619400,	-35.224200,	-68.099200,	-62.934000,	40.166700,	-10.562500,	-22.931600,	-38.191000,	-91.156100,	-67.276900,	-94.528800,	-17.606400,	-3.033340,	-66.966100,	42.019600,	-2.747130,	60.432100,	32.020200,	-31.412600,	-23.003700,	-21.072400,	-37.241300,	-36.356700,	53.297800,	-32.789200,	22.855200,	-13.552900,	-137.151000,	-76.655500,	-48.804900,	-40.688600,	-4.839170,	-13.418500,	-53.856600,	-25.004300,	-14.945200,	-63.289100,	-67.888600,	-67.888600,	-67.888600,	21.674900,	21.631300,	-17.926400,	43.456000,	-104.092000,	-11.463900,	-86.048800,	-76.998500,	4.932060,	-36.632100,	1.198390,	20.171600,	-30.478000,	-30.478000,	-19.049500,	-2.578790,	-23.412000,	-31.211000
-54.255500,	1.160730,	5.047210,	-78.986700,	31.758500,	9.326680,	-15.959100,	-48.097700,	30.598400,	16.209500,	-6.447130,	-6.447130,	-59.154200,	-53.831100,	-87.739100,	-35.583000,	-35.583000,	-18.833400,	-18.833400,	-61.340000,	-96.019700,	37.883500,	23.280800,	36.866500,	-51.870800,	-46.569100,	-46.080600,	-84.257400,	93.410900,	-48.516500,	37.086000,	-4.723290,	-87.935900,	-38.216700,	-65.387700,	-15.420500,	-15.420500,	-28.870700,	-51.452400,	-20.756200,	-33.725800,	-132.465000,	-47.401200,	22.706600,	24.427800,	24.427800,	33.291500,	8.389400,	8.389400,	-79.655300,	-55.517700,	-31.563000,	13.355500,	-26.660800,	-38.855900,	-73.029400,	-76.634500,	33.121700,	-12.218500,	-13.907200,	-32.845400,	-70.522300,	-55.786900,	-95.359900,	-12.892800,	-3.518210,	-83.312300,	23.855900,	-5.677790,	44.708600,	41.271500,	-20.724200,	-27.031600,	-37.334900,	-3.105780,	-39.281600,	58.456400,	-31.091000,	30.459600,	0.303738,	-129.432000,	-63.234300,	-31.675100,	-34.352900,	-10.837300,	-16.359600,	-31.641300,	-8.858380,	-16.200500,	-64.066400,	-37.804800,	-37.804800,	-37.804800,	31.217400,	20.547700,	-24.490200,	51.193800,	-59.206500,	27.295800,	-68.727300,	-79.016300,	33.589000,	-28.902200,	-4.371580,	-5.133850,	-32.613700,	-32.613700,	-14.562800,	2.702660,	-0.140267,	-26.403600
-27.518000,	0.748784,	-13.783700,	-65.811100,	14.941300,	4.928210,	-9.052800,	-25.908000,	28.296400,	20.251200,	-1.212010,	-1.212010,	-35.981400,	-42.649300,	-70.015900,	-34.438600,	-34.438600,	-46.974700,	-46.974700,	-33.717000,	-80.445300,	41.276600,	37.393000,	44.256200,	-30.205400,	-32.574800,	5.053300,	-56.156400,	49.515100,	-23.150800,	26.458100,	2.278550,	-43.655400,	-14.798300,	-19.975800,	-17.695800,	-17.695800,	-15.108500,	-13.825200,	-17.425900,	-13.446400,	-85.136700,	-13.189500,	23.212700,	22.958100,	22.958100,	37.295300,	15.232100,	15.232100,	-22.211700,	-23.412500,	-51.304700,	14.252800,	-31.545300,	-37.407600,	-58.978000,	-82.301100,	4.464030,	-13.964700,	-12.854100,	-26.508400,	-45.487100,	-33.580500,	-67.847600,	-7.695010,	-3.313530,	-77.018800,	-14.012300,	-23.543900,	14.249700,	25.592900,	-3.648190,	-6.446310,	-25.404200,	27.047300,	-32.709600,	26.248800,	-17.365400,	16.802000,	11.648300,	-91.267900,	-39.898700,	-8.353160,	-24.012200,	-14.723400,	-16.049800,	-0.579533,	4.739310,	-16.251300,	-32.716300,	6.254290,	6.254290,	6.254290,	32.304800,	13.332700,	-24.625500,	43.150500,	-18.356200,	55.680600,	-32.434400,	-51.708400,	44.703300,	-17.889700,	-13.765900,	-29.553800,	-34.374300,	-34.374300,	-11.726900,	9.190290,	28.424300,	-6.260530
8.983480,	-9.645090,	-24.020400,	-33.352600,	-0.968333,	-11.640500,	-6.899720,	-9.625130,	12.602800,	19.819400,	3.769190,	3.769190,	-24.290300,	-22.759400,	-45.117400,	-30.349600,	-30.349600,	-47.322200,	-47.322200,	-9.686560,	-48.677300,	20.740800,	32.840600,	38.230600,	-3.342730,	-9.049500,	57.722900,	-26.662900,	-11.436500,	7.243310,	2.966350,	6.465060,	-4.129590,	1.623270,	21.771500,	-10.940500,	-10.940500,	-1.083160,	18.729400,	-3.353370,	12.086000,	-24.227300,	18.556400,	10.852700,	17.566800,	17.566800,	35.893300,	23.921100,	23.921100,	41.037300,	18.519500,	-59.026200,	12.415800,	-42.841200,	-30.422000,	-36.726600,	-69.088500,	-24.205400,	-13.966400,	-17.685600,	-19.946200,	-34.170900,	-23.869500,	-33.857500,	-10.390600,	-2.331910,	-43.963100,	-41.817600,	-44.094400,	-15.181000,	-7.733990,	13.589000,	23.390200,	-1.968060,	43.100800,	-22.370000,	-15.748300,	2.325380,	-4.507330,	14.052600,	-49.589600,	-23.771700,	10.560100,	-12.799200,	-15.485700,	-10.738700,	25.892900,	9.213010,	-11.449500,	7.499770,	43.917000,	43.917000,	43.917000,	21.419100,	9.514180,	-16.369700,	29.392300,	22.976800,	80.878800,	5.269290,	-11.103800,	34.620100,	-6.254640,	-25.917100,	-38.243000,	-32.697700,	-32.697700,	-9.695440,	14.630700,	45.514400,	17.911400
39.303300,	-17.622100,	-17.306000,	3.628870,	-8.848160,	-25.754000,	-2.698070,	-6.995830,	0.205045,	16.251000,	1.896600,	1.896600,	-23.191100,	-6.324470,	-15.081700,	-7.740360,	-7.740360,	-16.701000,	-16.701000,	7.585280,	-15.037000,	-8.538780,	14.567400,	16.364800,	24.266600,	13.407400,	104.134000,	-19.651600,	-53.650700,	28.589300,	-16.359200,	5.474430,	11.702300,	7.401820,	44.691400,	-0.722971,	-0.722971,	1.696270,	37.313600,	8.643800,	27.787500,	27.647300,	45.523400,	-5.605800,	11.008800,	11.008800,	31.816500,	29.770400,	29.770400,	95.715800,	53.963100,	-46.698000,	6.716740,	-48.018200,	-17.024800,	-20.480400,	-34.971900,	-35.370300,	-10.201800,	-17.815200,	-14.641900,	-33.372400,	-32.897000,	-11.051800,	-22.305200,	-1.453150,	11.638900,	-49.260200,	-42.595100,	-28.673400,	-33.266500,	21.304900,	49.198400,	22.720100,	39.963700,	-14.097100,	-40.323200,	17.485800,	-19.954200,	5.738390,	-23.996800,	-19.039000,	17.005700,	-7.314400,	-13.307600,	-5.673810,	37.283300,	5.157960,	-3.500420,	29.758200,	66.413500,	66.413500,	66.413500,	5.211020,	7.555000,	-9.010780,	17.951200,	60.631300,	105.870000,	36.606700,	32.822300,	12.720900,	-2.500790,	-37.545800,	-31.697300,	-20.721400,	-20.721400,	-10.270100,	15.260800,	35.326600,	36.166600
40.542000,	-14.775900,	-10.486500,	26.128300,	-11.135300,	-39.753600,	-0.989925,	-13.434800,	-9.498420,	9.208210,	-5.359830,	-5.359830,	-18.215200,	-0.219589,	22.773000,	31.935100,	31.935100,	5.460750,	5.460750,	15.516500,	4.033180,	-35.841200,	-4.520260,	-11.618000,	41.181600,	25.567100,	106.160000,	-28.191200,	-80.008400,	38.062100,	-29.709100,	2.281240,	9.023260,	0.674377,	25.751300,	6.121070,	6.121070,	-6.599300,	29.531900,	11.722100,	21.778800,	40.999700,	57.922000,	-19.755800,	4.325300,	4.325300,	20.028400,	26.953100,	26.953100,	95.108500,	69.029300,	-32.952200,	-3.023860,	-52.200300,	-11.471700,	-23.718800,	-18.607400,	-42.545900,	-3.512820,	-12.829100,	-9.564740,	-30.535000,	-45.455100,	-2.754760,	-35.160700,	-0.812897,	58.090900,	-57.214500,	-26.647200,	-25.061700,	-35.161000,	11.549200,	53.281700,	37.102100,	6.327080,	-8.592420,	-56.944600,	19.057800,	-32.980800,	-6.983180,	-15.481600,	-23.427200,	2.010930,	-8.549920,	-6.808890,	-4.170350,	16.730000,	-1.386020,	0.264577,	10.005300,	55.445000,	55.445000,	55.445000,	-6.159790,	2.327050,	7.871420,	15.675100,	50.913100,	93.400100,	47.177300,	57.310400,	-6.319610,	-11.673500,	-47.666000,	-22.930700,	1.261350,	1.261350,	-18.259500,	10.254500,	6.123360,	32.682200
-13.164400,	-4.547230,	-18.910300,	22.613900,	-11.114700,	-56.452500,	-9.345000,	-18.838000,	-26.505500,	1.210400,	-12.382800,	-12.382800,	-6.359140,	-3.203430,	52.857300,	58.686800,	58.686800,	-11.722000,	-11.722000,	8.512160,	-9.068590,	-62.884000,	-9.114520,	-33.645200,	24.189200,	16.370900,	24.741300,	-38.587300,	-108.185000,	38.764000,	-47.132800,	-0.695560,	-2.011940,	-17.209400,	-41.075100,	8.041290,	8.041290,	-19.160300,	-14.294900,	9.392200,	-7.789750,	-8.513140,	38.265000,	-32.717000,	-3.739850,	-3.739850,	-2.146730,	16.275000,	16.275000,	-0.228560,	42.675800,	-36.632000,	-15.108500,	-59.455900,	-25.639000,	-39.091800,	-46.605100,	-63.920400,	-1.566990,	-12.424900,	-0.608635,	-22.259700,	-44.041800,	-6.379360,	-41.268300,	0.099631,	53.844800,	-75.556200,	-27.320700,	-19.308800,	-23.087500,	-9.856540,	13.922300,	12.729800,	-58.925700,	-3.026950,	-82.302900,	6.241820,	-51.102800,	-16.808300,	-14.359000,	-30.650300,	-34.830400,	-14.049000,	3.295990,	-7.566600,	-48.382600,	-6.983830,	-7.454050,	-53.770400,	-15.717300,	-15.717300,	-15.717300,	-9.465090,	-4.758360,	33.210500,	17.061800,	-42.879200,	2.254260,	18.113500,	34.947700,	-16.165500,	-35.141700,	-54.606800,	-19.116900,	23.641200,	23.641200,	-31.752600,	0.604317,	-17.396000,	-7.064790
-103.218000,	5.026750,	-32.574700,	4.170160,	-5.377760,	-67.042100,	-22.247600,	-14.579800,	-46.682800,	0.373568,	-14.636000,	-14.636000,	5.459110,	-7.906860,	50.643100,	45.600000,	45.600000,	-38.619000,	-38.619000,	-10.086600,	-44.193000,	-85.940000,	0.254442,	-40.321700,	-25.949500,	-12.542100,	-102.342000,	-47.881000,	-134.659000,	37.154100,	-66.588600,	-3.838520,	-8.701490,	-33.016500,	-116.923000,	7.152410,	7.152410,	-27.586500,	-73.141100,	8.043550,	-42.080700,	-92.820200,	-4.584480,	-37.980800,	-9.967080,	-9.967080,	-18.823800,	5.913450,	5.913450,	-144.764000,	-23.827200,	-48.434700,	-23.110600,	-58.000800,	-46.515000,	-39.243800,	-89.838000,	-90.226200,	-4.175910,	-13.642900,	11.380300,	-10.862900,	-24.046500,	-14.350200,	-39.251600,	1.266650,	-4.388210,	-89.679700,	-54.342900,	-25.388100,	-12.235100,	-24.048500,	-60.414500,	-57.942600,	-118.498000,	6.597240,	-106.585000,	-8.287810,	-67.290900,	-19.183200,	-4.534900,	-31.779400,	-70.270400,	-17.636300,	12.709500,	-9.944060,	-124.442000,	-11.399800,	-22.524700,	-120.596000,	-127.574000,	-127.574000,	-127.574000,	-5.543250,	-8.548130,	51.588300,	15.644300,	-172.205000,	-137.556000,	-37.497700,	-25.674900,	-13.620700,	-55.784400,	-53.938400,	-18.997500,	35.336300,	35.336300,	-38.089300,	-9.605570,	-21.989600,	-66.439000
-159.786000,	11.795500,	-34.109000,	-6.509960,	2.757840,	-58.511200,	-26.378900,	0.465258,	-51.546000,	8.130750,	-12.626300,	-12.626300,	5.021990,	-12.601900,	16.706100,	1.490610,	1.490610,	-36.102400,	-36.102400,	-26.955500,	-71.949900,	-90.962000,	7.369150,	-35.023300,	-69.763200,	-38.059000,	-175.763000,	-60.845600,	-134.381000,	40.949000,	-74.567000,	-8.035210,	-2.462040,	-31.058400,	-145.553000,	2.317480,	2.317480,	-26.447000,	-101.976000,	10.073500,	-52.600300,	-141.873000,	-34.750900,	-28.826200,	-11.569500,	-11.569500,	-16.703800,	2.983120,	2.983120,	-231.230000,	-87.236300,	-46.279200,	-24.380400,	-37.244800,	-48.953400,	-11.839000,	-96.899200,	-95.618600,	-4.775730,	-10.312600,	15.830000,	2.901110,	0.548671,	-14.283800,	-31.888400,	1.696290,	-70.964600,	-87.986800,	-78.767300,	-38.815800,	-8.134820,	-21.398400,	-118.076000,	-127.083000,	-128.904000,	18.919000,	-102.688000,	-12.999600,	-67.050400,	-15.678300,	15.497100,	-21.423500,	-77.537600,	-16.066600,	19.468400,	-6.323710,	-149.506000,	-10.678400,	-34.389100,	-132.415000,	-202.077000,	-202.077000,	-202.077000,	0.605503,	-13.154300,	39.581500,	9.205740,	-238.967000,	-235.425000,	-69.931800,	-75.626300,	2.127310,	-55.193500,	-41.433600,	-20.575300,	33.970500,	33.970500,	-29.569900,	-17.398000,	-15.676200,	-101.084000
-132.038000,	18.361400,	-18.371500,	4.426440,	4.998690,	-28.277400,	-15.579800,	20.089600,	-34.706000,	14.303300,	-10.624100,	-10.624100,	-12.531900,	-18.702200,	-21.158600,	-37.330100,	-37.330100,	-4.719580,	-4.719580,	-34.543300,	-72.333100,	-67.237700,	-0.279597,	-27.680800,	-65.349600,	-35.914500,	-143.167000,	-74.343000,	-95.181900,	52.272500,	-56.149600,	-10.397000,	9.465230,	-15.208300,	-106.863000,	-7.097670,	-7.097670,	-17.249800,	-79.216900,	13.085700,	-30.888200,	-112.181000,	-29.445000,	-8.007810,	-6.792420,	-6.792420,	-1.529380,	7.804260,	7.804260,	-202.937000,	-93.527400,	-18.903600,	-20.309400,	-3.345550,	-25.449700,	32.670000,	-53.290300,	-70.299000,	-1.375420,	-7.801230,	6.621700,	16.653300,	14.259000,	4.735520,	-22.242400,	1.310270,	-97.911700,	-69.542200,	-64.477600,	-41.552400,	-10.838000,	-7.980360,	-109.351000,	-133.046000,	-88.418500,	30.162500,	-67.650300,	-10.103000,	-42.192700,	-9.058070,	35.448300,	-6.505930,	-51.876000,	-10.129400,	24.014800,	-0.056815,	-102.761000,	-1.133390,	-37.635400,	-75.089300,	-178.122000,	-178.122000,	-178.122000,	5.476510,	-21.248800,	-5.599070,	0.599935,	-200.273000,	-230.567000,	-46.561000,	-72.513300,	20.846900,	-30.131200,	-18.551100,	-17.574900,	27.368700,	27.368700,	-9.640140,	-22.805300,	-11.188100,	-82.912900
-48.058600,	26.178300,	1.515010,	25.169300,	4.749640,	7.982270,	-1.680730,	35.011100,	-12.679300,	13.661600,	-13.408100,	-13.408100,	-38.340600,	-24.557300,	-38.709900,	-48.203600,	-48.203600,	26.923500,	26.923500,	-38.960500,	-50.154700,	-24.364800,	-18.154500,	-26.116000,	-23.023000,	-10.455000,	-59.948900,	-80.043900,	-33.501900,	65.542900,	-14.429700,	-7.982070,	4.253540,	-7.070710,	-45.888000,	-17.389500,	-17.389500,	-4.822660,	-33.694100,	14.356100,	1.870300,	-37.411900,	-1.564480,	16.367700,	3.511470,	3.511470,	14.578500,	14.569200,	14.569200,	-117.271000,	-44.890500,	16.300800,	-12.926300,	25.861900,	5.428510,	72.904200,	9.407400,	-32.166400,	6.002180,	-9.874110,	-8.161980,	23.840600,	17.666600,	34.251000,	-14.728100,	1.504070,	-78.731300,	-35.746100,	-14.430800,	-26.398400,	-18.649500,	8.485650,	-47.605300,	-73.423500,	-41.618900,	37.299200,	-29.083400,	-6.813610,	-2.587040,	0.249419,	38.629800,	-4.463840,	-21.826700,	-0.131397,	23.601100,	4.623800,	-25.751300,	11.128400,	-32.212400,	7.580640,	-83.344000,	-83.344000,	-83.344000,	7.898990,	-25.768400,	-44.483500,	-7.260260,	-116.523000,	-153.587000,	4.788440,	-29.151300,	26.309200,	1.951820,	1.437640,	-5.545160,	21.310300,	21.310300,	8.033550,	-23.810500,	-8.403640,	-31.823900
16.907800,	20.672600,	5.671000,	32.742800,	6.492640,	29.694900,	-0.010831,	36.255700,	-2.021510,	11.509200,	-23.843100,	-23.843100,	-60.161600,	-32.529300,	-40.392000,	-41.459800,	-41.459800,	37.007300,	37.007300,	-42.193200,	-25.354200,	15.126300,	-29.843100,	-32.039400,	6.252160,	13.027400,	-10.868800,	-81.151100,	19.604700,	70.806400,	22.322200,	-3.896080,	-31.432200,	-19.911300,	-22.880900,	-22.261400,	-22.261400,	2.892980,	-4.600670,	12.381900,	19.611500,	11.767100,	22.635800,	31.550700,	12.497000,	12.497000,	22.995900,	17.842300,	17.842300,	-68.169000,	1.324060,	27.598100,	-9.224350,	38.952400,	25.204100,	94.701400,	55.342200,	-4.811230,	16.686700,	-9.283950,	-18.113200,	20.087900,	15.870300,	46.638700,	-18.224700,	2.975450,	-49.281600,	6.182900,	32.355800,	-5.084700,	-23.471200,	23.312400,	7.077210,	-3.161780,	-25.387700,	39.004500,	-7.770930,	-5.873360,	28.119200,	7.869440,	11.773400,	-24.120000,	-19.092900,	9.278750,	16.552700,	0.014075,	22.512300,	18.423100,	-23.144100,	53.450300,	-1.309700,	-1.309700,	-1.309700,	4.679440,	-23.519800,	-58.616200,	-15.301400,	-72.694800,	-82.084300,	36.174600,	6.351150,	7.528060,	9.423580,	4.910970,	7.155650,	16.876800,	16.876800,	10.335900,	-18.989000,	-13.001100,	6.716640
30.154700,	-6.803060,	-4.752410,	23.730100,	10.445400,	33.461400,	-8.440560,	26.779900,	-1.580160,	11.913300,	-38.326800,	-38.326800,	-60.844800,	-43.494000,	-38.269900,	-32.206300,	-32.206300,	26.048000,	26.048000,	-32.090700,	-5.488980,	32.163600,	-26.593900,	-32.170200,	0.936438,	24.547700,	-9.876330,	-87.832600,	41.102000,	62.708800,	37.277200,	1.005470,	-73.877100,	-39.923400,	-38.235900,	-21.388700,	-21.388700,	3.988360,	2.874100,	5.621080,	17.388900,	11.364000,	31.977800,	37.223000,	16.707300,	16.707300,	25.256700,	20.651600,	20.651600,	-61.540900,	10.514800,	12.021900,	-11.777100,	38.326600,	32.416500,	99.206100,	77.692700,	3.316220,	28.728700,	-0.982181,	-21.039300,	13.161100,	11.878800,	32.161900,	-32.127600,	4.836110,	-36.863200,	33.356200,	44.554100,	6.404870,	-18.077300,	33.098700,	25.469300,	38.507800,	-24.719400,	35.191100,	3.473530,	-7.541740,	38.366000,	10.672500,	-28.532300,	-49.672700,	-36.621500,	13.187900,	8.856360,	-16.267000,	22.395000,	22.826300,	-18.004800,	46.254500,	24.669800,	24.669800,	24.669800,	-2.151240,	-16.348400,	-60.617200,	-16.347500,	-66.751600,	-51.429500,	36.800600,	12.453800,	-27.604000,	-11.285700,	-5.675140,	12.774700,	19.094100,	19.094100,	0.415354,	-11.754900,	-33.361300,	13.755000
16.449000,	-28.585100,	-10.967400,	17.754500,	14.563800,	27.694400,	-16.590700,	21.434800,	-3.513400,	9.382110,	-47.489100,	-47.489100,	-32.455500,	-45.311100,	-27.581700,	-21.993400,	-21.993400,	17.040500,	17.040500,	-4.184570,	20.070700,	10.457100,	-20.011200,	-20.100800,	-17.656200,	30.746000,	-23.769500,	-93.237900,	28.439100,	50.927200,	35.162700,	9.263390,	-87.675800,	-47.130400,	-51.072900,	-15.222300,	-15.222300,	4.546420,	-0.088922,	3.892200,	6.471590,	-7.182670,	23.944200,	44.026100,	13.831400,	13.831400,	21.510800,	23.142400,	23.142400,	-47.255800,	-2.353510,	-9.447010,	-14.096700,	30.006600,	31.177300,	93.551900,	83.397700,	-5.763000,	37.977800,	8.593280,	-20.655400,	16.849200,	12.551000,	6.564270,	-38.230800,	6.889300,	-27.264000,	24.761400,	22.606300,	0.075547,	-10.295300,	31.590400,	26.126000,	57.083900,	-15.995400,	30.518800,	17.936600,	-8.240500,	34.892800,	11.263100,	-53.441700,	-58.691200,	-48.434300,	15.214900,	9.900200,	-31.407600,	-3.561560,	32.308300,	-20.439400,	10.372800,	13.962300,	13.962300,	13.962300,	-8.219530,	-6.363880,	-54.875600,	-5.290450,	-44.774600,	-50.836500,	21.865200,	2.013790,	-56.004200,	-28.675300,	-8.032190,	13.500700,	34.209800,	34.209800,	-7.624110,	-5.247260,	-59.442200,	2.707470
-5.063360,	-19.932500,	-9.885450,	28.137200,	14.941900,	16.492500,	-20.533000,	26.431500,	-8.420370,	-1.599540,	-48.563700,	-48.563700,	4.397340,	-27.539100,	1.312060,	-12.011500,	-12.011500,	24.380000,	24.380000,	29.117900,	50.824700,	-44.532900,	-26.898300,	-16.050000,	-32.346900,	32.561500,	-54.638200,	-86.962000,	-9.694240,	49.880400,	19.511400,	17.080100,	-77.963700,	-44.946400,	-58.022800,	-2.492860,	-2.492860,	3.793090,	-17.020700,	13.427800,	-5.199670,	-25.045300,	-7.294530,	52.749500,	1.037320,	1.037320,	6.847110,	18.478000,	18.478000,	-37.240600,	-20.160800,	-17.220300,	-12.196700,	18.276300,	23.282100,	82.719500,	78.721100,	-27.042200,	35.388400,	11.051300,	-18.178900,	34.441700,	24.633000,	-12.521500,	-21.352600,	9.556560,	-3.139520,	-9.482090,	-16.144300,	-23.178900,	-14.538800,	14.791000,	20.769400,	57.830500,	-19.804100,	27.584400,	27.296700,	-3.877190,	22.944800,	10.860200,	-60.791000,	-50.448200,	-55.552500,	19.592500,	20.872700,	-33.022400,	-34.706500,	45.533300,	-27.092300,	-35.695900,	-11.797500,	-11.797500,	-11.797500,	-14.383000,	3.271550,	-49.358900,	5.703860,	-21.708100,	-67.954700,	-11.889100,	-15.299800,	-67.964800,	-29.167900,	11.509200,	15.528900,	57.881900,	57.881900,	-6.801850,	-1.497860,	-66.806900,	-16.012000
-36.937300,	5.952000,	-10.286400,	42.174100,	13.724100,	-2.002510,	-21.998700,	33.441400,	-20.243000,	-16.308900,	-38.609000,	-38.609000,	25.159600,	5.366370,	44.120600,	-8.188240,	-8.188240,	41.296500,	41.296500,	52.843200,	69.780400,	-96.920900,	-45.097600,	-33.419600,	-49.942700,	23.624200,	-118.376000,	-68.969400,	-60.105300,	62.248200,	-12.832900,	16.702100,	-75.865400,	-46.155800,	-96.437200,	13.314800,	13.314800,	-3.610850,	-49.916900,	22.563700,	-15.341000,	-53.204100,	-53.219100,	57.843500,	-15.253500,	-15.253500,	-10.304900,	6.885790,	6.885790,	-82.934100,	-48.740400,	-4.370670,	-6.622120,	6.575870,	14.337300,	66.205900,	72.916500,	-49.005500,	23.430500,	15.745800,	-10.493800,	57.576600,	45.302800,	-18.378400,	13.489200,	11.696300,	27.201200,	-41.275500,	-60.192500,	-52.361300,	-27.725200,	-10.216800,	-3.754720,	30.509800,	-58.986700,	21.552400,	12.987500,	8.318130,	-2.064150,	6.941730,	-66.255100,	-40.122200,	-77.154200,	27.118100,	32.637200,	-22.544800,	-61.443900,	50.088200,	-27.366700,	-80.339000,	-47.222600,	-47.222600,	-47.222600,	-19.913300,	8.450100,	-42.933000,	4.726850,	-56.758300,	-90.242200,	-68.387400,	-41.914700,	-65.527200,	-25.586300,	41.242300,	23.024200,	74.219100,	74.219100,	2.127590,	3.527110,	-40.878400,	-40.367800
-61.234700,	27.504100,	-3.805630,	41.316500,	18.029400,	-18.613900,	-16.981400,	34.625600,	-29.800000,	-24.974700,	-11.018800,	-11.018800,	29.808600,	39.505200,	85.321800,	-7.926650,	-7.926650,	52.677700,	52.677700,	62.965700,	70.086800,	-101.520000,	-49.731300,	-50.501500,	-73.167000,	6.660820,	-175.140000,	-49.403700,	-86.489600,	75.767600,	-46.842400,	7.512690,	-76.951000,	-44.807800,	-157.920000,	19.627100,	19.627100,	-14.573800,	-72.299000,	17.219600,	-17.106500,	-79.749100,	-84.410100,	56.495200,	-22.784100,	-22.784100,	-14.218300,	-1.485190,	-1.485190,	-156.121000,	-86.030900,	25.886900,	2.063600,	2.449490,	14.981000,	34.848300,	77.387400,	-48.892800,	15.095200,	31.078400,	1.288740,	77.129200,	62.837000,	-10.037900,	47.041500,	10.855700,	53.544100,	-50.279800,	-90.349800,	-64.116200,	-29.115000,	-31.265000,	-44.105600,	-13.100000,	-99.809700,	6.350750,	-12.205000,	25.330300,	-29.636200,	0.210266,	-64.793600,	-31.406200,	-101.480000,	34.810900,	34.568700,	-10.543500,	-66.659300,	37.085000,	-14.816100,	-92.664700,	-67.575100,	-67.575100,	-67.575100,	-19.684100,	6.188040,	-30.377700,	-4.038520,	-129.616000,	-87.857400,	-113.065000,	-68.158700,	-42.763000,	-13.197700,	71.350900,	35.697800,	72.778000,	72.778000,	15.472100,	14.172800,	11.407700,	-55.740100
-39.991800,	47.149700,	30.013300,	31.394400,	33.260700,	-13.068500,	5.420450,	31.953900,	-18.691900,	-25.026700,	27.447000,	27.447000,	32.703100,	61.660000,	106.580000,	5.703390,	5.703390,	57.149300,	57.149300,	66.432900,	62.074200,	-38.622800,	-25.072200,	-31.878400,	-78.200100,	-3.957480,	-153.242000,	-30.666600,	-49.121200,	79.708300,	-42.404800,	1.638800,	-40.980800,	-23.221700,	-158.871000,	11.214900,	11.214900,	-18.277900,	-49.795100,	1.233820,	-3.447540,	-59.986600,	-76.669600,	54.656400,	-14.438000,	-14.438000,	3.521920,	3.419640,	3.419640,	-142.024000,	-99.301100,	67.218500,	15.222000,	12.099000,	27.647200,	-9.890600,	88.630500,	-8.799750,	16.286400,	45.263700,	11.062700,	86.219000,	66.662800,	9.387660,	66.801400,	6.911510,	79.551300,	-25.371000,	-71.036600,	-39.126700,	-6.163280,	-41.200500,	-61.543000,	-31.400000,	-76.128900,	-12.948600,	-5.686810,	40.061800,	-28.433000,	2.323780,	-23.893800,	-12.525600,	-82.946500,	40.413000,	27.605200,	-4.303610,	-35.092300,	16.047500,	4.497660,	-42.464200,	-36.711700,	-36.711700,	-36.711700,	-7.385320,	4.875320,	-13.039400,	-0.512128,	-128.098000,	-29.257000,	-98.116400,	-65.688100,	1.795410,	33.706000,	104.944000,	52.839000,	55.454500,	55.454500,	29.995100,	26.652100,	69.040600,	-39.509200
34.458200,	75.355200,	85.527500,	29.461400,	58.225500,	16.938200,	40.988900,	26.700500,	18.609600,	-18.641300,	51.505800,	51.505800,	31.094200,	64.654400,	95.372500,	42.709800,	42.709800,	64.480100,	64.480100,	65.861100,	59.376100,	63.114400,	14.739200,	20.084500,	-42.219200,	0.328480,	-38.034300,	-11.222700,	47.686600,	73.750100,	15.356600,	8.245240,	39.530700,	22.993200,	-45.305700,	-0.606422,	-0.606422,	-5.577110,	20.077300,	-5.488150,	23.362300,	23.705300,	-31.221500,	57.824900,	0.462495,	0.462495,	30.485500,	16.651600,	16.651600,	14.112000,	-61.381500,	97.632700,	30.781200,	30.384100,	39.892400,	-54.629100,	88.492900,	57.434300,	21.959300,	43.715800,	12.553600,	80.194700,	56.455400,	21.320300,	72.545800,	2.433750,	106.727000,	30.727000,	9.523480,	12.037300,	27.867100,	-40.454300,	-28.998100,	0.794708,	25.824200,	-24.563800,	52.929100,	49.426000,	14.257600,	21.758300,	54.208700,	24.278500,	-4.893690,	44.055200,	18.956700,	1.725840,	30.364200,	1.325730,	21.660800,	57.234600,	49.154500,	49.154500,	49.154500,	14.071700,	14.583200,	8.010710,	18.845900,	10.092900,	83.792900,	-21.473300,	-17.650000,	49.812000,	109.232000,	136.021000,	67.206400,	29.631400,	29.631400,	38.961400,	34.193100,	107.027000,	11.136100
119.426000,	103.940000,	122.824000,	37.823900,	76.083100,	49.425100,	69.014500,	14.411600,	64.942700,	-8.673850,	44.244900,	44.244900,	8.024710,	51.906800,	52.991800,	82.268700,	82.268700,	79.163300,	79.163300,	55.188800,	65.390300,	144.314000,	39.205300,	59.852900,	24.934100,	12.107000,	109.642000,	2.434130,	144.592000,	58.752000,	84.395900,	19.296900,	114.200000,	74.686300,	123.414000,	-3.720900,	-3.720900,	15.264300,	99.501900,	6.714910,	49.611900,	133.469000,	31.692500,	52.886900,	3.316980,	3.316980,	38.411600,	15.711500,	15.711500,	219.990000,	16.790000,	88.497900,	37.017600,	45.114500,	37.066800,	-96.181000,	62.004900,	110.802000,	23.875700,	31.217800,	1.123100,	62.543900,	38.929600,	1.620570,	68.474300,	-0.718394,	116.814000,	90.909500,	107.864000,	56.324900,	51.692300,	-38.600100,	29.953000,	59.789600,	138.482000,	-26.319900,	128.807000,	51.599200,	67.947000,	46.288800,	113.428000,	69.215700,	90.261100,	41.130200,	11.562500,	8.740410,	103.518000,	-5.189390,	32.740800,	146.552000,	148.905000,	148.905000,	148.905000,	27.962000,	26.401400,	24.184700,	29.361800,	205.544000,	207.096000,	70.481900,	58.449100,	77.148300,	158.478000,	146.778000,	62.938700,	4.826380,	4.826380,	35.158100,	32.895500,	102.934000,	69.825600
156.158000,	103.291000,	104.460000,	40.369600,	63.766000,	55.419800,	68.306900,	-10.780700,	86.222000,	0.591923,	14.376300,	14.376300,	-43.380500,	30.412300,	-1.879690,	86.407400,	86.407400,	81.071400,	81.071400,	30.223200,	65.097100,	156.067000,	31.148800,	49.461500,	84.444300,	16.397900,	215.802000,	5.394380,	169.551000,	34.906200,	101.066000,	20.776600,	128.697000,	101.457000,	230.187000,	2.267580,	2.267580,	26.109600,	144.544000,	25.129900,	59.343000,	204.860000,	84.000500,	19.515100,	-11.051600,	-11.051600,	12.149600,	-10.297700,	-10.297700,	330.299000,	91.441200,	33.799700,	22.435600,	43.024900,	17.409600,	-133.890000,	10.114500,	115.046000,	20.323000,	17.801800,	-19.451200,	37.007600,	15.754700,	-50.530900,	60.553000,	-2.700820,	82.563400,	112.625000,	157.431000,	70.006700,	53.460500,	-46.620200,	62.678500,	91.017900,	182.274000,	-23.957400,	155.465000,	45.623100,	82.984100,	49.402100,	108.555000,	96.470500,	143.331000,	25.081100,	5.625020,	11.869700,	149.491000,	-9.890140,	35.904200,	167.716000,	207.890000,	207.890000,	207.890000,	21.246400,	20.109300,	37.333900,	13.393700,	312.730000,	282.891000,	126.501000,	118.881000,	74.503800,	135.915000,	116.523000,	28.656700,	-16.391900,	-16.391900,	17.106000,	21.854900,	52.671100,	99.685900
112.910000,	57.793800,	28.744300,	21.742300,	16.244000,	21.364300,	32.496800,	-45.522900,	58.999900,	4.002670,	-17.418100,	-17.418100,	-105.892000,	7.513860,	-46.208000,	35.019900,	35.019900,	60.311700,	60.311700,	-12.917800,	35.206500,	91.485600,	-2.724280,	-3.530400,	98.954800,	0.425667,	235.060000,	-3.065340,	98.673500,	5.606790,	40.303800,	8.595190,	72.453600,	82.261100,	210.284000,	8.770580,	8.770580,	17.461600,	130.984000,	37.258100,	42.403900,	186.384000,	95.618000,	-43.944100,	-30.624500,	-30.624500,	-36.046900,	-44.144000,	-44.144000,	275.350000,	119.926000,	-42.350500,	-10.850800,	16.563100,	-13.019200,	-150.845000,	-55.747700,	63.613900,	11.695800,	2.326320,	-35.771400,	4.321220,	-6.331330,	-108.688000,	53.648000,	-3.996360,	1.710980,	76.808000,	131.779000,	51.040700,	30.197700,	-61.909800,	39.029800,	54.938400,	128.445000,	-19.996000,	96.167000,	32.859600,	38.532300,	19.127100,	47.347400,	82.722000,	128.193000,	-3.031580,	2.662540,	12.230900,	142.309000,	-14.848500,	26.076200,	105.141000,	191.025000,	191.025000,	191.025000,	-2.470570,	-8.840600,	46.642000,	-23.910700,	251.068000,	269.839000,	118.415000,	121.600000,	48.395100,	43.396700,	44.150600,	-24.226800,	-38.852200,	-38.852200,	-15.365700,	2.540450,	-18.670700,	79.682800
2.980010,	-11.932400,	-67.013800,	-17.993100,	-43.604600,	-42.509900,	-23.297400,	-75.124200,	-6.192810,	-0.824228,	-38.741500,	-38.741500,	-148.188000,	-12.882900,	-67.177500,	-53.325300,	-53.325300,	38.258600,	38.258600,	-66.685500,	-28.135300,	-8.180230,	-46.891800,	-60.360200,	57.123900,	-36.174500,	149.675000,	-26.846300,	-29.735700,	-17.569300,	-63.905800,	-8.970270,	-24.743000,	23.452400,	86.845500,	6.548250,	6.548250,	-2.847140,	61.674600,	40.383100,	2.122330,	71.147100,	49.390500,	-109.353000,	-39.806800,	-39.806800,	-75.723600,	-61.575400,	-61.575400,	94.226500,	79.966400,	-104.119000,	-44.464400,	-30.917700,	-47.319000,	-131.448000,	-117.054000,	-14.518500,	-1.255760,	-13.697900,	-37.960700,	-29.043900,	-11.785600,	-145.549000,	47.791800,	-4.000790,	-89.306600,	7.392510,	50.374600,	8.970320,	-13.104500,	-70.906400,	-30.313200,	-40.919500,	8.833120,	-17.151400,	-26.243100,	18.858100,	-42.038900,	-26.978200,	-31.611600,	29.253000,	59.399000,	-28.544300,	2.784670,	16.647400,	79.444800,	-16.826900,	4.160780,	-10.292600,	95.611300,	95.611300,	95.611300,	-25.344400,	-38.557300,	41.754000,	-60.707600,	62.215900,	165.226000,	44.004400,	52.463200,	9.936760,	-70.888000,	-41.583900,	-66.317900,	-57.686900,	-57.686900,	-53.729300,	-18.236400,	-70.871500,	14.167000
-110.217000,	-67.261800,	-131.871000,	-61.813800,	-81.361800,	-98.725900,	-68.477600,	-88.116900,	-66.460900,	-8.638600,	-47.724100,	-47.724100,	-155.372000,	-32.042400,	-65.897100,	-129.424000,	-129.424000,	37.636300,	37.636300,	-106.062000,	-95.607400,	-82.802700,	-80.606800,	-87.586900,	-13.273600,	-74.125300,	1.751280,	-66.686000,	-135.360000,	-23.701000,	-144.367000,	-21.881600,	-113.716000,	-38.763100,	-61.104100,	-4.108720,	-4.108720,	-17.884700,	-26.935200,	36.389200,	-38.306300,	-84.041000,	-28.406500,	-137.316000,	-34.910300,	-34.910300,	-87.093100,	-57.528700,	-57.528700,	-102.639000,	-5.762200,	-124.532000,	-59.595300,	-72.386600,	-68.922000,	-81.168700,	-138.680000,	-72.176700,	-13.469000,	-16.645000,	-30.662500,	-51.213900,	-2.496180,	-147.942000,	37.593000,	-2.809490,	-143.036000,	-49.509900,	-37.347200,	-35.728200,	-54.649600,	-63.342500,	-95.945600,	-134.989000,	-105.021000,	-18.960700,	-138.907000,	7.728430,	-107.411000,	-61.721400,	-90.787700,	-32.160200,	-24.717700,	-34.706600,	4.534500,	29.273000,	-3.413310,	-12.574200,	-19.836500,	-109.638000,	-33.580500,	-33.580500,	-33.580500,	-32.812000,	-49.019600,	19.741700,	-81.212700,	-132.869000,	15.892500,	-55.744000,	-49.175900,	-23.444500,	-149.458000,	-99.169200,	-78.404600,	-64.166600,	-64.166600,	-81.694500,	-30.277300,	-81.521800,	-59.294700
-156.342000,	-86.728700,	-138.749000,	-85.789200,	-78.224700,	-111.070000,	-80.898100,	-85.957000,	-87.235800,	-13.824800,	-44.601400,	-44.601400,	-131.788000,	-49.187500,	-48.619000,	-146.729000,	-146.729000,	52.769600,	52.769600,	-109.991000,	-126.430000,	-100.144000,	-91.178000,	-79.257700,	-63.464000,	-86.105200,	-121.169000,	-106.458000,	-161.478000,	-9.172160,	-153.703000,	-25.458200,	-153.249000,	-68.406500,	-156.376000,	-14.164100,	-14.164100,	-20.065200,	-90.164000,	28.946200,	-54.697700,	-184.270000,	-85.904600,	-113.283000,	-21.845600,	-21.845600,	-72.710900,	-45.403100,	-45.403100,	-217.315000,	-79.662300,	-98.872100,	-52.644100,	-79.935800,	-63.362400,	-27.873900,	-103.794000,	-84.800900,	-16.968000,	-2.007640,	-24.860600,	-52.369400,	5.334110,	-113.397000,	24.034100,	-1.290600,	-133.690000,	-68.461600,	-85.838700,	-57.296300,	-69.284100,	-43.783600,	-107.174000,	-157.517000,	-154.111000,	-24.844400,	-177.497000,	3.669600,	-119.627000,	-70.451400,	-109.486000,	-65.797900,	-84.031600,	-19.545800,	9.447990,	39.355000,	-59.909100,	0.363094,	-33.864400,	-138.731000,	-125.146000,	-125.146000,	-125.146000,	-24.512500,	-40.778500,	-0.751566,	-79.701200,	-233.230000,	-113.906000,	-117.434000,	-114.151000,	-33.887700,	-159.942000,	-107.930000,	-65.353300,	-57.483100,	-57.483100,	-83.253900,	-28.329600,	-60.922600,	-96.050800
-127.762000,	-80.573600,	-105.220000,	-87.095500,	-45.451300,	-84.124600,	-70.405300,	-76.109900,	-75.029100,	-16.945100,	-31.728700,	-31.728700,	-95.540000,	-62.686000,	-29.578500,	-104.972000,	-104.972000,	42.629500,	42.629500,	-85.097800,	-114.730000,	-73.807000,	-82.942900,	-55.087100,	-71.051400,	-66.754200,	-168.198000,	-134.709000,	-122.360000,	16.190000,	-108.203000,	-25.425000,	-142.404000,	-66.150900,	-182.771000,	-18.655300,	-18.655300,	-16.304500,	-114.420000,	20.540400,	-45.150900,	-185.867000,	-99.891100,	-62.423900,	-9.353900,	-9.353900,	-49.486700,	-35.724400,	-35.724400,	-241.231000,	-102.528000,	-54.837100,	-35.317900,	-60.598400,	-41.015700,	3.424160,	-48.814800,	-71.798000,	-11.553800,	13.617700,	-22.821800,	-39.402700,	4.647020,	-58.789900,	8.407540,	0.374493,	-74.672100,	-58.999000,	-87.935100,	-49.155300,	-56.683900,	-27.589000,	-67.515300,	-102.211000,	-145.162000,	-35.331500,	-143.827000,	8.300070,	-88.581100,	-61.625400,	-104.708000,	-68.958200,	-106.000000,	0.495598,	17.878000,	32.808700,	-79.868400,	19.591600,	-35.096900,	-113.477000,	-147.399000,	-147.399000,	-147.399000,	-13.012800,	-30.305300,	-4.009940,	-62.065500,	-243.972000,	-192.486000,	-117.289000,	-113.704000,	-25.336100,	-121.638000,	-84.245100,	-42.010800,	-42.290000,	-42.290000,	-60.111500,	-19.892100,	-32.038200,	-90.114500
-74.226500,	-64.129900,	-62.290400,	-81.037300,	-6.962270,	-50.675100,	-58.713300,	-62.357100,	-55.154500,	-18.164800,	-17.126600,	-17.126600,	-56.399400,	-72.232300,	-23.469600,	-42.899400,	-42.899400,	-29.256100,	-29.256100,	-48.920800,	-86.048300,	-29.168700,	-64.832100,	-33.681800,	-51.675000,	-35.540700,	-155.500000,	-150.818000,	-67.124200,	36.446900,	-53.399100,	-24.444000,	-104.726000,	-54.057500,	-166.149000,	-19.709700,	-19.709700,	-14.470900,	-111.110000,	9.821700,	-24.248100,	-128.795000,	-83.324000,	-14.421700,	0.463668,	0.463668,	-25.582700,	-24.433100,	-24.433100,	-219.647000,	-80.228500,	-23.610100,	-17.289100,	-41.345100,	-22.331500,	19.513700,	-14.695900,	-59.250500,	-4.472420,	14.806400,	-15.131800,	-27.858900,	4.049010,	-11.639500,	-17.096700,	2.605070,	-2.737020,	-38.734400,	-67.917700,	-29.865200,	-36.600100,	-18.656600,	-23.990400,	-26.631600,	-114.164000,	-50.124300,	-86.398900,	20.526200,	-50.002400,	-45.691800,	-95.401900,	-60.689000,	-100.562000,	7.538340,	25.483700,	9.449160,	-83.812500,	36.200700,	-31.109000,	-82.152500,	-126.369000,	-126.369000,	-126.369000,	-5.432910,	-23.521000,	0.592827,	-37.412400,	-216.398000,	-220.406000,	-85.450500,	-75.483100,	-18.738300,	-73.424400,	-52.970800,	-15.765300,	-19.074200,	-19.074200,	-24.214000,	-15.943100,	-10.938000,	-67.844500
-24.186000,	-32.967600,	-17.528900,	-72.986300,	19.055400,	-28.083700,	-50.417400,	-43.008600,	-36.287600,	-12.437700,	-9.682380,	-9.682380,	-11.846300,	-73.126900,	-26.316100,	1.859420,	1.859420,	-143.789000,	-143.789000,	-12.114200,	-55.267200,	14.175100,	-42.699800,	-19.178000,	-25.084100,	-10.255800,	-102.076000,	-157.397000,	-19.387200,	43.090000,	-12.233700,	-18.160300,	-50.359300,	-36.792700,	-117.281000,	-19.617100,	-19.617100,	-9.007300,	-78.821700,	0.195371,	-3.600210,	-60.942000,	-47.763900,	19.972300,	5.910070,	5.910070,	-3.622920,	-12.025400,	-12.025400,	-159.561000,	-39.056900,	-11.728600,	-2.204890,	-30.235800,	-12.938700,	38.970000,	-1.567130,	-48.183100,	3.293260,	8.576720,	3.488720,	-14.038500,	14.717400,	11.058100,	-54.403600,	5.239090,	52.493100,	-19.705500,	-48.276100,	-18.201200,	-20.171400,	-11.153000,	-4.086870,	23.882500,	-67.235000,	-62.581300,	-36.787700,	34.807700,	-20.350700,	-23.122200,	-68.965500,	-46.948600,	-71.712900,	3.449180,	26.935000,	-13.126000,	-69.399400,	42.583300,	-28.756100,	-44.228800,	-84.779700,	-84.779700,	-84.779700,	-2.004090,	-16.604400,	-0.940439,	-15.898000,	-151.625000,	-195.317000,	-46.668400,	-31.358700,	-15.831000,	-22.518500,	-19.040200,	8.689370,	13.062300,	13.062300,	12.784500,	-17.421400,	-0.816535,	-40.873200
31.813000,	18.739700,	35.592100,	-48.597200,	26.212600,	-6.272320,	-35.664400,	-18.005400,	-11.199300,	-1.495020,	-14.341400,	-14.341400,	29.327500,	-56.838600,	-21.870000,	21.908400,	21.908400,	-226.497000,	-226.497000,	20.136900,	-17.362400,	40.522900,	-20.691000,	-9.681730,	9.703900,	9.986190,	-7.389690,	-153.812000,	29.144300,	43.881700,	22.784700,	-5.059680,	21.140500,	-6.182230,	-20.905400,	-14.665700,	-14.665700,	4.089480,	-10.583500,	-1.008720,	11.673600,	16.819700,	3.439650,	38.779300,	2.656750,	2.656750,	10.464300,	-5.316280,	-5.316280,	-34.382200,	8.588310,	-3.717060,	5.236530,	-13.029000,	-2.356180,	68.324300,	17.344000,	-26.286700,	10.297300,	6.626840,	22.974300,	15.848100,	34.309000,	15.996000,	-86.646600,	7.503370,	85.446500,	-5.966830,	-26.563100,	-14.523900,	-4.724920,	-3.848210,	8.865730,	54.836700,	3.614980,	-61.662800,	9.312680,	43.483600,	8.644510,	2.529490,	-7.644510,	-22.309100,	-15.447300,	1.636380,	24.234800,	-23.412900,	-23.040600,	41.589000,	-30.635600,	23.792600,	-19.536400,	-19.536400,	-19.536400,	-5.909410,	-11.474300,	-20.256200,	-4.454690,	-20.904600,	-116.422000,	1.005500,	16.519500,	-1.364180,	39.177700,	21.970400,	23.855000,	45.561800,	45.561800,	40.682500,	-18.963800,	1.586480,	-1.707390
85.989500,	72.094500,	85.689300,	0.163079,	20.994200,	19.790000,	-15.184600,	6.460420,	14.800000,	7.284440,	-23.015100,	-23.015100,	55.320200,	-21.261300,	-1.911210,	34.167000,	34.167000,	-215.825000,	-215.825000,	40.456700,	25.838800,	34.744400,	-7.701030,	-4.861250,	51.661100,	28.296900,	91.105400,	-132.773000,	68.528100,	53.050900,	55.172200,	12.042900,	87.965300,	29.570500,	102.249000,	0.458466,	0.458466,	18.684900,	68.349200,	8.176040,	19.665700,	102.442000,	53.260700,	45.761400,	-5.116480,	-5.116480,	17.765900,	-1.171290,	-1.171290,	124.555000,	53.587600,	9.888430,	6.007150,	14.570800,	12.533800,	97.795300,	44.616900,	0.836397,	13.300000,	10.485400,	30.412800,	58.793600,	53.356100,	22.725800,	-92.778900,	9.575930,	98.464100,	0.540793,	0.200412,	-13.130400,	7.870870,	3.464060,	28.688000,	79.587000,	76.733800,	-40.820500,	52.157200,	46.753900,	41.070200,	23.114800,	68.167300,	6.153500,	52.316300,	12.211200,	24.508000,	-22.419600,	37.776700,	40.873000,	-33.967700,	97.332300,	55.323100,	55.323100,	55.323100,	-17.422400,	-10.034700,	-38.611200,	3.614260,	139.162000,	-19.607700,	48.612000,	65.351100,	24.227000,	93.663000,	57.832500,	27.213600,	63.948400,	63.948400,	50.350400,	-15.819900,	1.407810,	40.154500
102.018000,	90.936400,	105.724000,	47.609400,	13.549600,	39.129900,	-0.252190,	21.533600,	26.647500,	13.937500,	-22.840400,	-22.840400,	71.870200,	21.059600,	23.641200,	48.193500,	48.193500,	-138.307000,	-138.307000,	47.506500,	56.776800,	1.671710,	-2.016180,	-5.614520,	75.492400,	37.047600,	134.259000,	-97.916100,	69.604500,	61.276100,	70.937200,	24.603800,	112.321000,	49.833300,	184.686000,	16.277100,	16.277100,	25.526000,	117.002000,	15.333000,	22.265100,	155.430000,	78.664600,	47.624200,	-10.874700,	-10.874700,	24.480400,	8.049750,	8.049750,	228.422000,	77.209100,	16.715800,	5.332570,	37.414400,	21.165900,	99.028500,	53.331800,	14.289800,	11.950700,	17.896100,	26.395800,	90.771200,	63.668000,	35.360200,	-78.743800,	11.816500,	93.802500,	-1.156870,	14.704100,	-15.155300,	13.269700,	12.407600,	34.993600,	84.311800,	114.941000,	-13.114000,	72.991700,	43.257100,	63.707200,	30.165800,	102.215000,	22.866200,	93.086100,	29.145200,	24.462800,	-17.361400,	78.062400,	35.556400,	-31.718100,	119.580000,	100.137000,	100.137000,	100.137000,	-33.028700,	-11.224100,	-33.048900,	15.322500,	235.692000,	45.165700,	68.207300,	91.787500,	40.989700,	106.207000,	60.060800,	26.196400,	68.122800,	68.122800,	41.856300,	-7.368770,	1.869080,	57.039900
72.074200,	58.753800,	88.657000,	63.583700,	10.033200,	50.475000,	12.963700,	26.201600,	25.143100,	23.085600,	-7.847870,	-7.847870,	90.570800,	51.809900,	42.594900,	62.202800,	62.202800,	-72.708200,	-72.708200,	56.541500,	68.189800,	-26.181800,	13.947600,	-0.425814,	64.239800,	32.060900,	118.985000,	-53.322400,	37.345100,	43.337000,	67.986400,	26.073700,	91.995400,	50.089500,	190.589000,	21.356100,	21.356100,	20.689800,	123.759000,	2.558060,	22.320200,	147.795000,	80.999300,	49.825400,	-9.446080,	-9.446080,	33.756200,	21.674000,	21.674000,	242.664000,	75.642300,	10.812500,	7.945940,	45.607300,	21.344200,	54.591700,	35.683500,	13.975900,	9.405570,	29.037100,	23.239800,	89.265700,	57.533000,	46.843500,	-67.969400,	12.645200,	75.284900,	-8.786410,	7.845740,	-16.799400,	21.375000,	23.803700,	14.736500,	60.693700,	119.739000,	3.143380,	66.009000,	27.625900,	64.556800,	24.590900,	76.760700,	29.415600,	92.035200,	33.825500,	15.382500,	-13.988500,	84.324800,	17.839900,	-18.998500,	78.825500,	98.849500,	98.849500,	98.849500,	-41.645700,	-11.490400,	-16.868100,	31.918500,	241.620000,	68.604100,	58.564000,	85.543500,	35.813300,	72.128600,	25.901000,	32.434800,	68.142700,	68.142700,	33.023200,	3.945280,	5.283610,	44.774400
37.050800,	5.845640,	59.118100,	51.131300,	16.578200,	60.856100,	34.472700,	28.588600,	25.580000,	32.448300,	16.650600,	16.650600,	108.725000,	66.739900,	55.503200,	77.567800,	77.567800,	-54.378500,	-54.378500,	76.759900,	73.939900,	-23.504800,	47.819000,	25.522900,	34.225100,	22.612200,	100.722000,	13.609300,	12.578900,	1.731660,	62.672500,	19.572600,	69.256600,	45.242000,	154.387000,	20.445300,	20.445300,	10.945400,	110.684000,	-27.307200,	21.143100,	112.373000,	79.062000,	56.236000,	3.219560,	3.219560,	44.832700,	32.710000,	32.710000,	219.240000,	66.838300,	6.343490,	16.963000,	40.716000,	21.530200,	-12.750700,	10.460000,	13.929600,	12.306700,	35.592800,	26.451800,	51.467600,	29.938900,	52.147000,	-63.601200,	10.050800,	49.487800,	-19.177300,	0.040367,	-7.362600,	40.349100,	32.573300,	-5.871220,	32.415100,	121.665000,	8.585820,	47.527300,	5.566650,	51.023700,	17.351500,	37.999500,	39.092300,	75.673400,	23.318100,	-1.757250,	-9.815670,	73.080900,	-6.860360,	4.445860,	25.627400,	79.572500,	79.572500,	79.572500,	-31.844600,	-8.008340,	-6.314730,	50.240000,	215.986000,	77.043900,	52.987100,	66.126800,	20.309400,	32.375900,	-7.712260,	46.608800,	65.077900,	65.077900,	38.662500,	16.893300,	18.902100,	33.055400
36.519900,	-21.634100,	43.781300,	34.611800,	30.763000,	73.958300,	60.396500,	35.989100,	38.845200,	32.110200,	40.143900,	40.143900,	106.853000,	68.311100,	63.254800,	94.446200,	94.446200,	-61.720900,	-61.720900,	97.491300,	85.507900,	2.636770,	83.553100,	65.140000,	21.956200,	21.320400,	122.314000,	88.223900,	26.875700,	-39.124900,	68.419700,	13.466800,	80.036300,	48.635500,	138.500000,	19.838900,	19.838900,	4.139180,	99.707600,	-52.448800,	19.523500,	101.488000,	82.582200,	59.180500,	22.316300,	22.316300,	53.486400,	38.494600,	38.494600,	217.477000,	75.455300,	19.935600,	29.167000,	29.479700,	26.289900,	-56.100200,	-2.586190,	22.556900,	16.375500,	21.327600,	27.421400,	-8.820590,	-16.424000,	46.541000,	-56.020500,	4.587490,	31.904700,	-25.011500,	17.040100,	14.136100,	58.162600,	32.638000,	7.784360,	29.243800,	132.192000,	9.537570,	42.479800,	-10.810100,	42.203300,	18.563300,	41.589900,	56.133100,	76.881100,	7.044560,	-20.589800,	-5.936640,	62.911300,	-29.030600,	31.167400,	7.828710,	73.556500,	73.556500,	73.556500,	-7.401380,	-2.022360,	-7.080250,	59.503100,	213.660000,	99.493400,	75.299400,	62.296200,	11.413300,	22.634000,	-13.061900,	57.760700,	53.867100,	53.867100,	53.693900,	27.146300,	43.908100,	46.197000
71.461000,	-2.707740,	50.429100,	31.204200,	43.113800,	84.587900,	78.825900,	50.388600,	61.375200,	22.193200,	55.591600,	55.591600,	78.704600,	56.923400,	61.732100,	107.044000,	107.044000,	-62.294400,	-62.294400,	107.516000,	102.726000,	30.408500,	96.528900,	95.139700,	50.143500,	34.060400,	175.104000,	128.900000,	73.849100,	-56.857900,	85.904200,	13.305100,	120.989000,	61.361900,	163.276000,	19.766300,	19.766300,	6.777980,	96.302500,	-56.802500,	22.787700,	133.236000,	93.778800,	51.353700,	38.923300,	38.923300,	62.052500,	41.572000,	41.572000,	243.611000,	111.117000,	52.578800,	40.135900,	19.634200,	34.148400,	-43.196200,	4.555550,	38.259600,	14.196000,	-11.684200,	18.896200,	-64.421600,	-63.044100,	34.527600,	-45.313400,	-0.884074,	36.976300,	-15.192000,	56.408700,	34.229100,	58.293800,	27.549600,	55.886800,	54.603100,	138.376000,	6.209340,	60.295800,	-12.105000,	48.289300,	31.431700,	97.931300,	73.743600,	98.638800,	-5.033520,	-35.179600,	-3.304450,	62.709800,	-42.313000,	52.620500,	34.965600,	84.619200,	84.619200,	84.619200,	17.929400,	7.974950,	-8.338330,	52.801600,	236.642000,	143.463000,	116.290000,	88.644800,	15.950500,	48.546700,	2.173020,	59.226600,	34.763800,	34.763800,	65.532700,	30.633200,	66.500800,	78.179200
116.358000,	41.276200,	62.243500,	37.187500,	39.981300,	87.216300,	83.963800,	64.685200,	80.160200,	12.269900,	59.485800,	59.485800,	39.976400,	32.484000,	48.077300,	107.377000,	107.377000,	-55.530100,	-55.530100,	106.193000,	116.658000,	46.737300,	80.164700,	97.376400,	103.688000,	57.513500,	219.378000,	118.200000,	118.732000,	-50.369900,	98.077600,	15.770600,	159.507000,	76.588300,	188.710000,	19.762000,	19.762000,	20.253800,	93.674900,	-43.429800,	34.512400,	179.208000,	111.969000,	37.196500,	43.427700,	43.427700,	64.752700,	38.612500,	38.612500,	250.364000,	160.027000,	85.902500,	44.232500,	19.591300,	44.619300,	10.985700,	32.636500,	56.812400,	7.061560,	-40.616700,	2.737850,	-88.134700,	-90.033300,	33.286300,	-37.451500,	-4.448970,	58.827500,	8.558900,	88.490200,	41.870600,	44.498500,	26.216800,	108.976000,	91.541300,	125.069000,	-0.717298,	84.327400,	-2.019130,	60.643600,	44.746400,	164.088000,	85.835100,	113.012000,	-9.786490,	-40.152300,	-0.122292,	72.314100,	-41.149300,	61.581200,	84.784900,	102.045000,	102.045000,	102.045000,	33.137400,	20.067500,	-9.675020,	30.785300,	241.411000,	190.145000,	149.763000,	133.699000,	31.264600,	88.679000,	17.289600,	45.945300,	11.516400,	11.516400,	65.784500,	26.710900,	68.653900,	106.530000
140.467000,	69.146200,	59.894400,	39.627600,	18.103800,	80.199400,	77.330700,	65.915700,	81.383500,	4.610650,	50.970500,	50.970500,	12.450400,	4.788860,	27.584600,	92.177800,	92.177800,	-56.111800,	-56.111800,	94.702800,	114.192000,	51.887900,	48.997000,	74.830200,	140.910000,	78.372200,	218.381000,	86.665800,	130.140000,	-36.714800,	90.039200,	14.330100,	163.947000,	82.586300,	169.525000,	21.331800,	21.331800,	33.415100,	76.525300,	-24.981100,	45.237100,	193.045000,	120.213000,	26.309100,	35.194200,	35.194200,	49.439700,	21.739000,	21.739000,	196.550000,	189.238000,	104.483000,	38.947300,	28.460500,	54.438200,	56.133700,	68.913300,	70.392600,	-0.852578,	-51.332400,	-12.879700,	-77.803900,	-91.484000,	53.588200,	-29.215700,	-6.451180,	71.344300,	30.308100,	91.977400,	42.862100,	31.330800,	31.249500,	139.643000,	117.864000,	91.385300,	-6.626310,	86.051600,	6.458620,	64.035000,	42.841500,	188.852000,	87.865900,	98.951800,	-11.440500,	-34.280300,	0.936687,	76.952400,	-28.179500,	54.477200,	113.605000,	114.926000,	114.926000,	114.926000,	39.411000,	31.227600,	-19.535600,	4.916740,	193.219000,	208.932000,	154.133000,	162.622000,	50.564600,	117.786000,	23.478900,	17.763300,	-14.498100,	-14.498100,	57.334900,	16.441400,	48.881800,	113.001000
114.628000,	59.516700,	38.523000,	27.514100,	-10.210400,	58.570500,	57.717700,	46.882900,	56.403300,	-4.649840,	32.469300,	32.469300,	0.142615,	-11.081400,	5.453760,	56.265200,	56.265200,	-67.708900,	-67.708900,	62.975300,	79.714900,	45.115400,	19.813000,	39.028000,	121.958000,	73.485700,	150.318000,	68.402500,	98.172600,	-38.551900,	58.663500,	5.611110,	120.424000,	65.081400,	100.719000,	22.359100,	22.359100,	33.610000,	28.977600,	-11.190000,	38.281400,	135.659000,	89.443700,	19.211600,	21.465600,	21.465600,	16.897400,	-4.240160,	-4.240160,	86.976800,	162.375000,	92.290500,	28.136300,	31.131400,	50.720900,	50.306700,	77.780500,	67.319900,	-9.696510,	-51.270700,	-18.276600,	-59.871600,	-77.024100,	73.407700,	-16.760600,	-7.588160,	49.355500,	40.719700,	66.116500,	46.248400,	21.217900,	36.091600,	126.945000,	107.522000,	39.235700,	-11.070900,	54.085100,	2.900580,	47.691700,	22.058500,	144.687000,	67.620500,	57.026000,	-16.244200,	-26.559400,	-1.026080,	56.590500,	-17.713600,	37.054800,	82.089100,	101.802000,	101.802000,	101.802000,	41.388700,	40.928100,	-27.602400,	-11.483100,	95.508300,	176.082000,	110.807000,	133.254000,	61.741200,	112.560000,	16.856500,	-15.135700,	-38.902600,	-38.902600,	42.568400,	3.123050,	20.717100,	85.668700
28.780200,	15.206200,	4.579430,	1.122840,	-30.156100,	23.894600,	25.352600,	16.201900,	12.959400,	-12.494800,	9.895840,	9.895840,	-5.015400,	-8.408660,	-15.952500,	1.317790,	1.317790,	-74.354400,	-74.354400,	8.977310,	8.420150,	31.490600,	4.099030,	1.881270,	41.178300,	31.390200,	30.269600,	67.991700,	42.531100,	-61.701400,	19.938000,	-7.081080,	38.468800,	23.602300,	12.750800,	19.405600,	19.405600,	16.415200,	-38.697200,	-7.245260,	8.554470,	2.987740,	15.265000,	8.981040,	9.576360,	9.576360,	-14.706200,	-20.300800,	-20.300800,	-33.397800,	70.590500,	45.048100,	18.463000,	16.164300,	24.682800,	-6.698810,	35.312300,	46.029000,	-19.981600,	-46.239800,	-9.538480,	-56.645200,	-60.373800,	56.757400,	-5.723890,	-8.173480,	-10.747700,	47.301900,	21.424000,	52.122700,	10.713000,	33.920600,	62.310700,	43.884600,	-24.649400,	-18.839300,	5.986240,	-11.465100,	15.260200,	-3.559980,	39.655700,	22.212300,	2.280480,	-28.718800,	-25.751700,	-4.197580,	9.174630,	-22.994900,	19.838800,	-12.332500,	43.645000,	43.645000,	43.645000,	41.160300,	49.659600,	-21.013200,	-11.590400,	-14.044300,	94.100800,	18.877900,	35.008500,	53.860200,	65.270500,	-5.449710,	-35.696800,	-52.971200,	-52.971200,	23.268700,	-6.314170,	-4.711420,	23.532700
-76.838700,	-42.793900,	-27.595800,	-29.297200,	-33.052800,	-10.105800,	-8.599470,	-9.928970,	-24.292000,	-10.317400,	-5.073000,	-5.073000,	-2.233630,	4.801580,	-31.251300,	-47.029400,	-47.029400,	-62.778000,	-62.778000,	-43.973900,	-74.080500,	24.216600,	6.400490,	-18.682500,	-60.330700,	-29.303000,	-79.609700,	78.130500,	0.845085,	-88.949500,	-5.053150,	-15.940100,	-42.380000,	-19.719100,	-59.719500,	13.958500,	13.958500,	-6.124020,	-84.342900,	-12.401000,	-25.157800,	-142.633000,	-62.171000,	-3.782480,	3.699140,	3.699140,	-26.754900,	-14.031500,	-14.031500,	-108.796000,	-50.476600,	-20.117200,	13.714300,	-9.105670,	-14.921100,	-77.837100,	-38.358800,	19.439500,	-24.158800,	-33.986800,	7.652100,	-64.463800,	-48.469900,	8.934940,	-2.777380,	-8.835080,	-86.555500,	54.190900,	-23.486400,	56.815400,	4.719480,	26.322100,	-29.100600,	-49.855100,	-73.019600,	-26.528000,	-28.914000,	-26.592600,	-17.507900,	-16.112100,	-77.715900,	-26.149100,	-43.573100,	-43.941100,	-28.361300,	-2.870630,	-34.849700,	-39.337800,	10.084600,	-112.643000,	-37.335300,	-37.335300,	-37.335300,	39.072100,	51.943900,	5.007270,	2.724600,	-90.989300,	0.048931,	-79.613700,	-85.564600,	28.332000,	-1.893240,	-37.673000,	-36.073900,	-55.409500,	-55.409500,	5.555590,	-3.402330,	-19.031100,	-47.222500
-137.415000,	-86.315100,	-45.686800,	-51.574100,	-24.091700,	-29.985900,	-28.798000,	-22.740000,	-39.612300,	-0.123981,	-3.025390,	-3.025390,	17.451300,	17.894100,	-33.664900,	-58.227600,	-58.227600,	-39.531500,	-39.531500,	-65.934000,	-125.941000,	28.339000,	23.349100,	-7.231830,	-126.837000,	-75.057800,	-122.581000,	92.728200,	-11.498700,	-98.789500,	-11.197200,	-15.927300,	-74.552600,	-39.555200,	-92.090900,	7.648460,	7.648460,	-18.171500,	-80.255900,	-23.084700,	-41.902400,	-213.911000,	-98.452300,	-16.635900,	5.831950,	5.831950,	-20.419400,	6.294130,	6.294130,	-116.311000,	-145.639000,	-74.119800,	11.071900,	-28.295100,	-49.606400,	-124.149000,	-102.213000,	-1.635290,	-19.278100,	-18.789200,	24.795300,	-64.332700,	-36.349700,	-24.792100,	-5.766520,	-9.984010,	-142.014000,	51.232900,	-47.730500,	61.257100,	7.584550,	19.611400,	-94.925400,	-120.544000,	-82.327400,	-26.136800,	-40.265200,	-33.824400,	-38.077800,	-13.004100,	-140.846000,	-45.027700,	-62.235800,	-52.808000,	-22.169400,	5.260580,	-46.791700,	-52.595700,	4.317240,	-148.424000,	-89.246200,	-89.246200,	-89.246200,	35.679000,	42.188700,	32.727100,	22.457600,	-117.080000,	-66.340000,	-131.014000,	-162.333000,	-8.685030,	-54.042000,	-62.213100,	-24.936000,	-50.487500,	-50.487500,	-4.809470,	11.621500,	-16.378400,	-89.306700
-129.014000,	-95.044700,	-46.670700,	-61.111900,	-18.665400,	-38.975800,	-34.831500,	-24.729600,	-40.560400,	9.093390,	14.906000,	14.906000,	51.385800,	28.065600,	-24.787400,	-41.122900,	-41.122900,	-25.269800,	-25.269800,	-55.593600,	-125.652000,	29.324900,	41.712600,	25.148900,	-135.271000,	-90.068800,	-106.918000,	102.874000,	-19.308100,	-86.903600,	-11.938800,	-11.357900,	-49.210600,	-35.014700,	-87.574300,	-0.648742,	-0.648742,	-15.580400,	-45.973300,	-34.853200,	-41.718100,	-187.573000,	-90.136300,	-32.239400,	15.374500,	15.374500,	-5.307740,	25.249700,	25.249700,	-88.754800,	-187.308000,	-104.163000,	5.758200,	-37.862500,	-70.913300,	-130.123000,	-136.108000,	-21.055200,	-11.672200,	-10.709200,	37.897400,	-53.417600,	-16.681600,	-19.672200,	-9.033330,	-10.800100,	-153.631000,	32.742900,	-44.781300,	59.662300,	7.683800,	18.107000,	-104.440000,	-137.841000,	-63.613300,	-18.377800,	-46.577200,	-30.058100,	-47.325300,	-6.590690,	-120.530000,	-25.519600,	-54.422900,	-53.794300,	-9.118710,	16.202400,	-28.652000,	-58.790000,	-1.970310,	-105.791000,	-89.837600,	-89.837600,	-89.837600,	31.163000,	25.480900,	44.107200,	37.103900,	-117.479000,	-99.646000,	-124.731000,	-171.926000,	-54.136700,	-71.510900,	-70.058000,	-18.573400,	-44.922100,	-44.922100,	-7.463000,	28.181100,	4.051000,	-90.010100
-82.787100,	-68.706600,	-34.786800,	-58.170900,	-26.117500,	-39.769000,	-32.651900,	-21.472800,	-35.852300,	13.852100,	32.803400,	32.803400,	78.875000,	31.091900,	-17.400200,	-35.058900,	-35.058900,	-28.582600,	-28.582600,	-35.136500,	-89.051600,	19.388400,	46.870500,	45.225600,	-102.480000,	-80.617500,	-77.417300,	92.481500,	-37.303900,	-62.231800,	-16.101500,	-9.832400,	-0.940883,	-23.024500,	-65.850000,	-13.021800,	-13.021800,	-8.891040,	-17.558600,	-45.451600,	-36.501200,	-115.185000,	-60.456000,	-46.984900,	23.583900,	23.583900,	9.598670,	30.230500,	30.230500,	-71.912800,	-178.494000,	-112.688000,	-3.377370,	-35.379000,	-76.383300,	-103.235000,	-140.910000,	-37.813900,	-9.586300,	-10.686100,	43.742300,	-42.939200,	6.387440,	-0.047617,	-12.178500,	-10.333700,	-125.287000,	12.740400,	-25.411100,	43.869400,	-5.977980,	20.042800,	-72.100600,	-113.377000,	-40.872800,	-12.806200,	-57.232700,	-17.562200,	-44.219700,	-4.430320,	-46.563200,	11.838900,	-33.395200,	-50.977900,	-3.970650,	21.182800,	-2.879750,	-59.295000,	-8.731650,	-40.234600,	-59.879800,	-59.879800,	-59.879800,	22.905100,	13.488700,	26.500700,	39.572000,	-116.334000,	-114.849000,	-89.910500,	-135.268000,	-96.552700,	-58.074700,	-60.755400,	-23.008900,	-43.844700,	-43.844700,	-6.347420,	33.298100,	31.516800,	-65.665400
-33.620500,	-24.703800,	-18.728400,	-41.005800,	-33.644500,	-25.413300,	-21.044700,	-14.130900,	-23.523100,	17.470500,	32.043300,	32.043300,	77.634000,	23.194300,	-15.741300,	-54.690200,	-54.690200,	-40.815800,	-40.815800,	-23.538700,	-45.924800,	10.700800,	32.895300,	34.208100,	-53.471600,	-56.055700,	-55.275400,	60.625900,	-43.692100,	-33.210000,	-16.876400,	-9.897260,	33.041300,	-12.829500,	-40.295600,	-25.388900,	-25.388900,	-5.550410,	-6.294360,	-53.270400,	-29.398200,	-54.146600,	-26.355900,	-43.592000,	21.815900,	21.815900,	16.404100,	17.197200,	17.197200,	-68.222100,	-130.582000,	-98.556100,	-9.250370,	-14.251300,	-60.274200,	-49.590700,	-115.996000,	-39.173700,	-11.443200,	-6.588050,	36.378000,	-37.190400,	20.978900,	5.634100,	-16.453400,	-8.606460,	-79.420200,	3.067090,	-2.971690,	18.228700,	-23.559200,	20.088000,	-25.338900,	-68.137600,	-16.136500,	-12.840800,	-54.494800,	0.160068,	-23.938000,	-1.432950,	27.411200,	39.736000,	-6.220760,	-41.993200,	-11.528800,	19.830900,	17.301600,	-53.345600,	-12.090700,	-2.179390,	-24.257700,	-24.257700,	-24.257700,	11.350800,	12.818500,	-7.913980,	33.307300,	-101.360000,	-112.672000,	-50.379100,	-79.019300,	-108.401000,	-29.480100,	-35.317000,	-31.402200,	-45.198200,	-45.198200,	-4.214480,	23.618300,	46.940300,	-32.376200
6.066480,	14.018500,	-8.515570,	-11.662500,	-25.706600,	2.536620,	-1.484110,	-1.514020,	-2.547620,	19.000100,	9.987480,	9.987480,	43.186600,	10.745700,	-8.168170,	-73.403900,	-73.403900,	-46.806300,	-46.806300,	-25.185300,	-17.699200,	16.248000,	11.774400,	3.088580,	-9.051060,	-24.874500,	-37.749700,	27.234100,	-22.349600,	-6.060710,	-10.900100,	-7.403130,	37.837200,	-6.063770,	-12.921400,	-30.184400,	-30.184400,	-3.981260,	-5.172670,	-51.706600,	-17.660000,	-22.411700,	2.486000,	-16.342900,	6.322330,	6.322330,	6.466740,	-7.848840,	-7.848840,	-61.298500,	-64.389200,	-58.907400,	-8.981750,	18.736900,	-25.343800,	15.263400,	-66.889900,	-21.584500,	-12.594900,	5.801980,	12.947800,	-35.050800,	23.130900,	0.391335,	-17.352900,	-6.263540,	-33.644700,	-4.013410,	15.982200,	-1.254780,	-26.479700,	13.993900,	22.411400,	-15.956300,	11.393400,	-13.910500,	-27.669900,	16.086700,	7.921070,	4.316140,	58.543700,	40.545200,	22.475100,	-23.907100,	-21.395300,	18.806900,	29.416600,	-38.768400,	-11.845200,	5.855140,	7.923890,	7.923890,	7.923890,	-2.595730,	15.533800,	-39.701000,	20.240700,	-66.014900,	-90.572700,	-15.164900,	-24.463800,	-74.240800,	-3.397750,	3.920480,	-31.924900,	-42.750300,	-42.750300,	-5.247220,	7.169050,	41.201600,	2.392990
30.999800,	35.469000,	-6.422680,	18.263500,	-5.935620,	28.671900,	17.262100,	16.745500,	18.406200,	14.859200,	-15.146200,	-15.146200,	3.889470,	7.056360,	16.667700,	-58.585800,	-58.585800,	-36.075300,	-36.075300,	-30.895600,	-4.795570,	30.079800,	4.629850,	-19.572700,	15.533300,	1.303930,	-23.816500,	14.662000,	7.772570,	11.809200,	-2.877460,	-3.950670,	20.366000,	-4.307730,	13.527900,	-24.260200,	-24.260200,	-1.160100,	-2.816020,	-39.046800,	-5.650260,	-11.251800,	17.289800,	17.093300,	-14.901400,	-14.901400,	-14.085800,	-29.645900,	-29.645900,	-50.207100,	-14.547500,	-0.410513,	-5.811850,	44.506600,	12.164000,	68.937900,	-7.913300,	1.958770,	-12.408800,	18.649900,	-14.433000,	-35.525800,	24.178100,	5.190500,	-13.265500,	-3.324770,	6.783060,	-15.634000,	26.557500,	-7.040130,	-12.341500,	8.914700,	61.988700,	24.458300,	29.636700,	-11.826500,	4.458500,	25.109300,	33.722600,	7.443140,	40.918100,	16.100100,	43.087200,	-0.525989,	-22.492700,	21.618500,	32.544000,	-22.355100,	-9.979170,	7.714680,	28.500600,	28.500600,	28.500600,	-17.025100,	14.680100,	-53.107300,	1.730600,	-34.334000,	-59.337000,	7.499270,	10.736800,	-13.430200,	13.616600,	45.271600,	-16.203200,	-31.664500,	-31.664500,	-9.885170,	-2.688800,	25.114200,	29.135500
38.258700,	34.925000,	-8.499400,	35.847900,	9.729870,	38.728800,	28.267900,	31.512200,	33.177800,	10.815200,	-24.434200,	-24.434200,	-9.573230,	12.318100,	45.693900,	-12.217700,	-12.217700,	-14.908300,	-14.908300,	-25.806200,	4.821110,	34.694800,	19.267700,	-15.142700,	16.141800,	15.244800,	-6.507910,	35.058200,	21.974800,	13.131800,	1.704910,	-5.735290,	-2.171780,	-3.615110,	30.770800,	-8.242530,	-8.242530,	2.247920,	10.575200,	-21.979200,	2.757810,	-1.881920,	22.231300,	32.265700,	-31.231300,	-31.231300,	-28.450900,	-34.746600,	-34.746600,	-38.965100,	-1.710950,	55.206900,	-5.651020,	49.838800,	39.417200,	97.536200,	51.838500,	19.139900,	-9.042160,	27.315300,	-26.267800,	-37.437100,	30.835100,	22.593500,	-11.089900,	-0.416451,	38.026300,	-20.137000,	29.816800,	-9.017670,	5.045990,	12.879400,	83.708200,	38.392300,	31.550100,	-2.722030,	19.144400,	24.913600,	38.862300,	2.118690,	-0.383190,	-11.782800,	46.960400,	16.542700,	-12.980600,	22.207600,	30.254900,	-11.813300,	-6.806500,	16.446000,	30.778100,	30.778100,	30.778100,	-30.530900,	9.067850,	-40.960200,	-19.824300,	-23.499300,	-30.286700,	18.431800,	25.251600,	35.599600,	21.504400,	70.332200,	10.528800,	-18.183300,	-18.183300,	-17.337600,	1.532950,	14.776600,	39.789300
33.408300,	14.988600,	-8.760150,	40.800200,	10.489100,	36.499900,	34.076100,	31.322400,	41.399500,	13.927400,	-15.734700,	-15.734700,	9.386310,	15.735300,	50.832600,	34.803700,	34.803700,	-0.242550,	-0.242550,	-1.943390,	21.327700,	25.204100,	42.364700,	11.831700,	7.864480,	21.282900,	23.910900,	86.093000,	24.638500,	-1.551700,	2.348510,	-11.272000,	-14.403300,	2.585690,	38.306100,	11.458800,	11.458800,	-0.361477,	30.950400,	-8.570200,	6.964420,	15.940200,	27.923600,	19.225100,	-35.072100,	-35.072100,	-26.975000,	-22.141900,	-22.141900,	-19.276400,	-9.153010,	88.258000,	-11.386800,	40.839200,	56.161600,	105.216000,	104.012000,	31.491400,	-1.465130,	32.763200,	-17.338000,	-35.357000,	34.876500,	38.006900,	-15.027000,	1.084900,	48.297700,	-5.432320,	36.519200,	-12.068500,	18.849100,	21.575700,	91.579300,	36.794400,	23.891700,	16.020100,	21.283000,	15.282700,	25.354100,	-9.863260,	-27.672800,	-19.871300,	38.870400,	19.052000,	0.811441,	11.311300,	20.458600,	-6.682610,	-4.561570,	19.082800,	19.278600,	19.278600,	19.278600,	-39.512300,	4.432520,	-18.140000,	-32.896800,	-18.200600,	-10.227600,	27.415800,	32.855100,	46.503900,	14.915400,	72.866300,	33.937100,	-10.427000,	-10.427000,	-24.740700,	10.985800,	10.182200,	37.632100
16.749200,	-14.000700,	-12.219900,	34.652700,	-1.048430,	26.612500,	32.893600,	17.204300,	37.379700,	19.372800,	-0.530993,	-0.530993,	41.540300,	10.282000,	22.110900,	50.647200,	50.647200,	-3.796590,	-3.796590,	25.493000,	35.724600,	6.546620,	50.802000,	35.668300,	-1.111290,	25.879800,	44.363000,	136.030000,	25.676700,	-26.278100,	-8.495350,	-14.548900,	-20.267700,	7.217450,	28.717400,	22.967300,	22.967300,	-11.552000,	33.997100,	0.682107,	2.389190,	23.462200,	24.550900,	-14.102000,	-24.797100,	-24.797100,	-12.737700,	-0.897376,	-0.897376,	-8.431710,	-17.465300,	85.287800,	-20.469200,	27.520000,	59.609700,	94.078200,	122.613000,	38.383200,	5.416630,	30.367300,	0.141050,	-30.018400,	22.731000,	36.191300,	-21.987800,	0.637940,	24.723800,	18.389300,	45.346200,	-8.177390,	29.563900,	22.247800,	87.879000,	33.932500,	1.872700,	31.097000,	23.438700,	-0.787350,	4.467800,	-22.403900,	-28.566100,	-13.529100,	22.599800,	10.087800,	8.153600,	-6.795410,	-11.576100,	-3.947240,	-4.809290,	-0.500444,	-5.757070,	-5.757070,	-5.757070,	-39.891200,	5.917670,	-1.181960,	-26.478800,	-26.203000,	-15.641700,	29.292500,	29.623300,	19.687600,	-8.886250,	54.360500,	41.003100,	-10.140400,	-10.140400,	-30.066200,	11.327300,	4.741790,	26.134500
-19.583400,	-37.316600,	-22.217700,	23.184900,	-15.245800,	7.739860,	19.721200,	5.781630,	15.710000,	13.891700,	9.447370,	9.447370,	54.111600,	-3.946460,	-18.456400,	25.815700,	25.815700,	-20.549000,	-20.549000,	35.680700,	23.278800,	-13.979100,	34.474300,	25.815700,	-16.780200,	27.856200,	18.003200,	153.082000,	18.713000,	-49.671600,	-31.346600,	-14.453300,	-37.608400,	-6.010750,	-8.611840,	25.021900,	25.021900,	-24.931600,	7.130880,	13.305000,	-12.359500,	-4.102670,	-7.288740,	-48.105000,	-10.513300,	-10.513300,	3.683860,	17.759800,	17.759800,	-40.082400,	-26.699800,	52.073400,	-29.667500,	11.292600,	45.737400,	67.161000,	92.533700,	32.849200,	-0.263511,	11.533100,	16.277700,	-30.172500,	-8.865350,	11.554300,	-22.954500,	-0.332423,	-24.906700,	36.615500,	44.126200,	3.927500,	32.095100,	9.085070,	57.214200,	20.820900,	-41.660300,	26.720700,	23.006000,	-12.862400,	-13.431700,	-29.922400,	-20.648000,	-17.254100,	-5.382770,	1.326400,	7.913800,	-22.821000,	-75.542800,	1.539980,	-6.558130,	-37.413600,	-51.151800,	-51.151800,	-51.151800,	-33.616700,	11.574600,	-8.304490,	-3.677990,	-72.219200,	-50.202900,	7.790130,	0.238444,	-26.454500,	-36.433500,	28.283000,	33.062100,	-9.388300,	-9.388300,	-25.576800,	-1.409560,	-7.343230,	0.136372
-58.545000,	-37.234800,	-16.127500,	21.243000,	-18.674300,	-15.452500,	2.228570,	12.666500,	-9.802440,	-7.160370,	12.109400,	12.109400,	36.463200,	-20.329500,	-28.289200,	-10.524000,	-10.524000,	-27.238300,	-27.238300,	38.804200,	-9.293350,	-24.170600,	2.530020,	-14.855500,	-30.911800,	29.202200,	-35.164100,	143.941000,	6.248560,	-57.589500,	-45.826100,	-9.153140,	-57.041600,	-29.056900,	-55.412200,	28.237900,	28.237900,	-24.637300,	-19.612800,	31.357000,	-20.176600,	-38.857800,	-51.476000,	-55.326400,	-0.405601,	-0.405601,	20.987300,	30.812000,	30.812000,	-86.708700,	-33.394400,	21.836800,	-31.801300,	-4.956230,	25.020700,	43.479800,	48.370800,	19.254800,	-15.914300,	-12.988900,	31.635000,	-29.789200,	-41.749100,	-17.862800,	-11.278300,	0.728471,	-58.118300,	50.839300,	29.667200,	13.183000,	22.200100,	-8.657420,	-5.006260,	-5.996610,	-74.459300,	5.290140,	21.553300,	-5.550010,	-19.658600,	-23.497200,	-7.144910,	-32.450000,	-35.375000,	5.573670,	9.915690,	-29.792300,	-135.084000,	16.788900,	-0.092765,	-55.465300,	-96.689200,	-96.689200,	-96.689200,	-21.686400,	21.248000,	-32.516400,	30.775400,	-117.815000,	-69.002600,	-22.050800,	-35.560400,	-59.577300,	-28.424000,	18.072700,	27.127100,	8.539850,	8.539850,	5.311350,	-14.173600,	-29.021700,	-32.970700
-54.624400,	-3.593150,	28.030900,	37.946300,	-3.668810,	-21.846400,	-0.304890,	35.480400,	-11.543200,	-34.742900,	12.570000,	12.570000,	9.820850,	-23.698100,	17.448800,	-15.431900,	-15.431900,	-8.757670,	-8.757670,	56.724000,	-16.653300,	-8.118020,	-26.075500,	-47.815500,	-15.722900,	40.876900,	-46.610400,	138.602000,	20.216000,	-50.338000,	-25.381600,	3.557500,	-45.656800,	-33.227100,	-63.322200,	31.873700,	31.873700,	-0.935910,	-6.528120,	45.818000,	-1.539480,	-16.477100,	-61.588600,	-22.475000,	4.898430,	4.898430,	41.368700,	39.142000,	39.142000,	-69.716500,	-16.869300,	23.368700,	-21.151500,	-6.115160,	17.890100,	41.848100,	40.860300,	19.639400,	-25.788000,	-24.254300,	41.442000,	-6.220250,	-52.488300,	-20.757200,	11.077900,	4.189330,	-27.447900,	67.655700,	19.620900,	15.250100,	11.077100,	-20.333500,	-63.115100,	-14.400300,	-48.750300,	-17.654900,	41.075600,	16.264500,	-3.415410,	0.512547,	24.949400,	-34.999100,	-40.985100,	24.248600,	17.757200,	-24.837800,	-131.037000,	38.325400,	22.670500,	-19.881000,	-93.334100,	-93.334100,	-93.334100,	-3.795710,	33.617200,	-50.053600,	68.559600,	-79.374800,	-21.072800,	-16.984100,	-28.853900,	-48.750400,	35.842700,	38.662000,	34.565900,	50.679800,	50.679800,	58.978100,	-13.465900,	-57.012900,	-45.620000
10.369900,	48.562600,	96.479600,	60.562400,	21.062700,	3.433260,	22.645600,	56.821200,	21.272800,	-57.104200,	13.670900,	13.670900,	-1.436450,	-5.909270,	91.956400,	24.461600,	24.461600,	20.182500,	20.182500,	82.126500,	23.019700,	36.505300,	-35.438000,	-39.555300,	40.807000,	67.729500,	14.878100,	152.003000,	76.817500,	-49.824300,	32.653700,	19.678300,	2.182410,	-7.146920,	-4.791400,	24.555300,	24.555300,	32.704800,	42.153500,	45.442100,	37.056000,	72.771000,	-19.253800,	30.348100,	11.704700,	11.704700,	58.356100,	39.227400,	39.227400,	38.534500,	36.909000,	60.622400,	0.811974,	16.644500,	34.447700,	59.469900,	79.784500,	50.904300,	-24.760000,	-21.848400,	34.672500,	43.020100,	-34.209900,	17.978300,	33.200400,	7.114800,	65.108100,	84.549400,	34.605200,	21.770700,	14.383300,	-22.679400,	-68.925200,	24.824100,	35.539000,	-31.260700,	91.704900,	22.847700,	37.016700,	31.766500,	74.168900,	-11.469600,	-8.443220,	45.241100,	21.368600,	-12.063600,	-54.764200,	51.198100,	50.711700,	56.046600,	-22.390700,	-22.390700,	-22.390700,	17.339300,	42.948700,	-49.322800,	92.351800,	59.641700,	80.763700,	37.633000,	36.302300,	-0.693190,	120.598000,	72.007900,	45.948200,	96.425900,	96.425900,	103.220000,	-3.197400,	-75.158400,	-20.633500
97.124600,	80.960800,	138.369000,	68.197600,	33.758900,	45.554700,	57.516800,	59.748400,	67.750400,	-65.681300,	9.391870,	9.391870,	0.731533,	16.747700,	137.793000,	76.024100,	76.024100,	33.097800,	33.097800,	83.267000,	78.473000,	83.915500,	-24.841000,	-1.760190,	110.767000,	95.768000,	108.074000,	183.919000,	139.629000,	-80.303100,	95.049700,	27.140400,	48.858900,	29.047200,	89.286200,	2.881380,	2.881380,	53.706900,	84.987600,	30.801900,	69.598100,	163.996000,	43.867100,	59.892800,	17.684500,	17.684500,	52.787500,	20.656700,	20.656700,	172.036000,	110.471000,	111.944000,	22.517900,	48.542500,	63.332000,	77.073500,	128.660000,	101.483000,	-23.543800,	-20.954500,	9.653080,	83.833200,	-1.233720,	76.794300,	43.756000,	6.693340,	162.322000,	95.445600,	76.511900,	37.163200,	27.451500,	-16.459400,	-15.402600,	92.630600,	121.194000,	-31.703600,	144.056000,	-8.942570,	82.260200,	49.253700,	110.263000,	23.500000,	43.537100,	53.258200,	9.745580,	-0.309863,	41.209400,	40.025500,	63.664300,	121.342000,	71.497700,	71.497700,	71.497700,	29.078100,	38.647500,	-35.484400,	74.525800,	213.814000,	170.069000,	105.021000,	119.264000,	42.256600,	160.631000,	73.577800,	39.717600,	106.490000,	106.490000,	104.619000,	3.132360,	-70.770700,	27.724400
146.843000,	61.659100,	108.836000,	54.397600,	16.202800,	67.417600,	76.572700,	38.365700,	93.025300,	-59.355000,	-7.227640,	-7.227640,	-6.845460,	18.890500,	125.126000,	91.795600,	91.795600,	27.933100,	27.933100,	49.556700,	105.771000,	99.052500,	-10.645100,	24.602600,	155.002000,	106.921000,	167.906000,	216.294000,	146.247000,	-135.438000,	114.908000,	18.572200,	57.113500,	48.172800,	155.832000,	-23.679600,	-23.679600,	48.483900,	87.547200,	14.345700,	75.063900,	192.404000,	86.919400,	33.798600,	12.298100,	12.298100,	11.120200,	-21.438100,	-21.438100,	238.479000,	171.223000,	142.276000,	26.951300,	60.150700,	83.850200,	71.377800,	146.435000,	134.386000,	-31.508800,	-26.199300,	-21.303400,	86.059900,	24.535500,	117.520000,	38.537500,	3.086570,	206.053000,	90.135300,	119.031000,	44.892900,	29.663600,	-5.492740,	59.345700,	143.643000,	147.484000,	-20.243000,	145.799000,	-67.250600,	96.912600,	39.525800,	108.410000,	47.264100,	81.673900,	39.443600,	-14.357200,	2.028810,	97.090700,	9.109560,	52.170600,	129.975000,	124.804000,	124.804000,	124.804000,	19.757900,	12.198400,	-22.685400,	5.931260,	284.112000,	203.767000,	138.876000,	169.335000,	47.841000,	117.741000,	17.793700,	1.899360,	63.303200,	63.303200,	59.658800,	-3.036540,	-56.079200,	67.808900
129.420000,	-4.871820,	9.133110,	19.701400,	-32.978800,	34.979300,	54.287600,	-6.476990,	69.259800,	-43.590800,	-35.113500,	-35.113500,	-44.101400,	-9.532060,	70.918400,	51.889800,	51.889800,	19.984100,	19.984100,	-2.329180,	87.129200,	54.241800,	-20.998100,	8.654520,	151.758000,	94.620500,	146.096000,	225.321000,	57.047800,	-182.855000,	63.050000,	-1.170310,	18.349900,	35.591200,	139.914000,	-42.058100,	-42.058100,	19.680500,	39.085100,	8.439490,	49.557000,	145.540000,	89.400100,	-42.852600,	-8.282240,	-8.282240,	-56.641000,	-73.215400,	-73.215400,	188.379000,	188.594000,	118.137000,	5.472840,	28.168900,	76.843300,	27.832300,	102.795000,	108.904000,	-41.075500,	-32.424400,	-48.655100,	46.007900,	26.691800,	112.302000,	23.558900,	-1.575270,	179.041000,	45.400000,	115.494000,	23.896900,	3.295590,	-3.176610,	109.542000,	151.686000,	90.542100,	-4.826790,	64.157200,	-116.839000,	51.940300,	6.049430,	71.207700,	43.187200,	78.676600,	9.745310,	-38.040300,	-0.108694,	86.287200,	-17.058000,	26.546800,	67.989400,	105.969000,	105.969000,	105.969000,	-9.255630,	-35.150500,	1.227920,	-87.142100,	224.721000,	179.862000,	117.233000,	160.933000,	21.740500,	4.234320,	-82.931800,	-64.393500,	-9.677530,	-9.677530,	-12.193300,	-22.553000,	-54.197900,	75.224900
40.147500,	-84.326600,	-121.442000,	-45.667900,	-101.115000,	-53.105800,	-16.078700,	-67.978800,	-7.297090,	-26.121400,	-65.802800,	-65.802800,	-110.370000,	-55.589500,	-5.192490,	-37.071300,	-37.071300,	8.201560,	8.201560,	-70.450500,	17.346800,	-50.863700,	-65.255200,	-50.584700,	92.701500,	54.587300,	21.012700,	187.999000,	-110.490000,	-208.814000,	-57.732900,	-27.850600,	-65.206400,	-12.232300,	23.453100,	-55.026700,	-55.026700,	-27.997800,	-57.047800,	9.230370,	-4.633900,	24.618900,	41.969600,	-135.161000,	-35.554100,	-35.554100,	-127.735000,	-114.323000,	-114.323000,	13.774200,	144.218000,	27.369800,	-33.388300,	-47.213200,	30.528000,	-52.018800,	-18.125000,	13.029000,	-45.268700,	-42.567000,	-74.692400,	-27.916000,	-0.327393,	54.057300,	3.489270,	-6.772150,	86.297700,	-49.056900,	31.807100,	-27.505200,	-54.114600,	-23.443800,	106.701000,	104.858000,	-40.887000,	-1.166060,	-85.279500,	-143.637000,	-51.766400,	-44.414000,	-2.722030,	1.994790,	24.638800,	-28.376300,	-58.973100,	0.861050,	9.692850,	-30.703900,	-2.771030,	-55.828100,	15.931600,	15.931600,	15.931600,	-43.931300,	-89.457000,	46.489300,	-173.477000,	31.488200,	92.925200,	30.783300,	83.037700,	-14.556700,	-144.537000,	-194.785000,	-137.663000,	-81.016300,	-81.016300,	-95.715900,	-55.578200,	-70.339900,	39.144600
-106.642000,	-144.122000,	-231.462000,	-140.153000,	-161.480000,	-155.724000,	-113.714000,	-129.835000,	-108.805000,	-13.787300,	-91.082200,	-91.082200,	-187.979000,	-102.878000,	-98.214400,	-153.897000,	-153.897000,	-16.676900,	-16.676900,	-162.796000,	-104.278000,	-178.909000,	-120.929000,	-128.080000,	-14.919600,	-15.832600,	-177.048000,	89.836900,	-275.516000,	-212.456000,	-200.560000,	-59.212200,	-187.879000,	-85.308000,	-158.707000,	-70.894600,	-70.894600,	-85.236200,	-174.090000,	5.528740,	-77.149000,	-160.939000,	-54.272200,	-200.745000,	-57.124100,	-57.124100,	-177.133000,	-130.213000,	-130.213000,	-236.656000,	38.066700,	-104.656000,	-68.974500,	-135.213000,	-47.593400,	-136.457000,	-188.834000,	-116.907000,	-47.177600,	-60.995800,	-97.461500,	-121.292000,	-48.185000,	-45.716000,	-20.347900,	-12.180900,	-60.874500,	-158.022000,	-114.205000,	-92.053000,	-128.548000,	-60.382700,	39.795500,	-4.268150,	-204.808000,	-21.907900,	-236.619000,	-150.633000,	-171.122000,	-102.195000,	-125.502000,	-71.412000,	-69.681600,	-70.229500,	-80.189300,	1.110800,	-106.001000,	-43.281400,	-33.367500,	-205.597000,	-123.862000,	-123.862000,	-123.862000,	-67.563100,	-129.773000,	87.653700,	-231.531000,	-243.239000,	-55.412200,	-109.698000,	-57.696500,	-48.871300,	-285.889000,	-282.054000,	-186.775000,	-132.239000,	-132.239000,	-176.876000,	-96.027400,	-84.226300,	-36.610900
-252.978000,	-169.459000,	-278.153000,	-223.458000,	-180.868000,	-212.148000,	-191.533000,	-169.014000,	-184.901000,	-7.834740,	-104.540000,	-104.540000,	-244.234000,	-136.340000,	-190.605000,	-253.526000,	-253.526000,	-44.353600,	-44.353600,	-249.931000,	-236.676000,	-261.867000,	-150.815000,	-181.780000,	-127.806000,	-97.273800,	-348.146000,	-61.917900,	-347.923000,	-184.720000,	-285.743000,	-83.720900,	-311.428000,	-152.594000,	-319.115000,	-86.576000,	-86.576000,	-132.265000,	-258.625000,	-6.046590,	-140.089000,	-346.657000,	-158.642000,	-210.745000,	-64.132200,	-64.132200,	-185.157000,	-120.376000,	-120.376000,	-443.382000,	-90.299100,	-219.088000,	-83.141000,	-186.417000,	-122.311000,	-180.488000,	-326.885000,	-210.843000,	-48.942900,	-74.088400,	-107.318000,	-199.239000,	-92.294100,	-152.050000,	-44.117900,	-15.838400,	-214.179000,	-219.414000,	-247.298000,	-143.245000,	-186.618000,	-89.168400,	-66.829800,	-144.059000,	-327.318000,	-63.321200,	-312.785000,	-136.446000,	-241.824000,	-143.453000,	-272.351000,	-147.147000,	-166.533000,	-106.199000,	-94.148900,	-6.228390,	-204.718000,	-62.848600,	-61.623000,	-316.882000,	-256.408000,	-256.408000,	-256.408000,	-67.976300,	-137.823000,	85.035300,	-245.242000,	-469.627000,	-203.042000,	-244.273000,	-205.300000,	-75.243800,	-372.382000,	-313.284000,	-189.057000,	-152.067000,	-152.067000,	-227.324000,	-124.501000,	-79.732400,	-120.818000
-320.240000,	-164.409000,	-261.421000,	-251.195000,	-147.396000,	-198.775000,	-214.645000,	-174.860000,	-205.894000,	-5.133700,	-99.901200,	-99.901200,	-245.634000,	-141.884000,	-245.890000,	-285.081000,	-285.081000,	-54.283600,	-54.283600,	-283.087000,	-309.484000,	-258.375000,	-138.622000,	-178.673000,	-189.436000,	-153.601000,	-404.269000,	-224.977000,	-311.596000,	-120.714000,	-271.380000,	-83.982200,	-371.307000,	-182.751000,	-384.344000,	-89.901000,	-89.901000,	-146.132000,	-274.241000,	-18.928200,	-161.258000,	-442.271000,	-212.419000,	-162.616000,	-52.486000,	-52.486000,	-149.659000,	-93.334100,	-93.334100,	-505.164000,	-180.736000,	-262.727000,	-70.268800,	-177.894000,	-159.217000,	-165.756000,	-366.382000,	-228.678000,	-41.417300,	-66.075400,	-99.263500,	-223.816000,	-108.475000,	-216.416000,	-57.458800,	-16.223100,	-304.164000,	-214.472000,	-303.403000,	-158.873000,	-193.811000,	-89.676800,	-156.852000,	-242.801000,	-354.651000,	-102.287000,	-290.918000,	-97.745600,	-232.850000,	-143.301000,	-371.230000,	-190.999000,	-223.166000,	-119.850000,	-88.997700,	-12.471100,	-233.996000,	-79.037600,	-76.024500,	-334.511000,	-312.445000,	-312.445000,	-312.445000,	-42.099100,	-112.607000,	50.990600,	-208.420000,	-537.983000,	-270.919000,	-300.870000,	-283.824000,	-89.047200,	-378.809000,	-283.152000,	-152.774000,	-140.090000,	-140.090000,	-225.760000,	-121.591000,	-59.785500,	-170.013000
-292.488000,	-146.629000,	-219.904000,	-223.494000,	-87.194700,	-153.978000,	-193.402000,	-154.613000,	-189.805000,	-4.587740,	-79.027900,	-79.027900,	-189.604000,	-112.195000,	-241.012000,	-245.503000,	-245.503000,	-45.332000,	-45.332000,	-253.369000,	-297.604000,	-198.315000,	-103.691000,	-129.922000,	-190.906000,	-168.247000,	-366.103000,	-350.272000,	-239.823000,	-35.204900,	-201.319000,	-59.185000,	-348.545000,	-179.374000,	-371.084000,	-73.634600,	-73.634600,	-125.835000,	-242.674000,	-21.841100,	-139.397000,	-429.693000,	-206.514000,	-90.553500,	-31.141300,	-31.141300,	-96.546400,	-57.680000,	-57.680000,	-456.530000,	-212.434000,	-238.524000,	-41.952100,	-136.847000,	-160.028000,	-122.613000,	-328.344000,	-200.162000,	-20.916400,	-44.286600,	-78.145600,	-191.512000,	-94.370100,	-218.176000,	-52.021200,	-13.914000,	-305.927000,	-180.719000,	-289.038000,	-137.888000,	-150.893000,	-66.690100,	-198.108000,	-264.448000,	-314.948000,	-120.126000,	-224.302000,	-42.461900,	-178.992000,	-106.488000,	-387.929000,	-202.237000,	-236.545000,	-105.180000,	-66.056000,	-9.709490,	-200.052000,	-76.375000,	-71.521000,	-271.506000,	-280.703000,	-280.703000,	-280.703000,	-4.550840,	-73.234000,	28.911900,	-140.614000,	-488.684000,	-260.111000,	-274.445000,	-278.717000,	-95.863500,	-330.321000,	-215.702000,	-109.159000,	-111.066000,	-111.066000,	-183.759000,	-87.430900,	-35.724700,	-175.038000
-235.533000,	-128.192000,	-178.813000,	-175.856000,	-32.119000,	-125.601000,	-160.896000,	-119.097000,	-167.311000,	-5.055990,	-52.761900,	-52.761900,	-107.013000,	-57.673100,	-193.534000,	-181.631000,	-181.631000,	-30.382400,	-30.382400,	-193.061000,	-241.114000,	-136.995000,	-67.777000,	-75.024200,	-176.740000,	-158.836000,	-320.281000,	-411.178000,	-199.726000,	48.469500,	-145.154000,	-28.540300,	-287.898000,	-165.451000,	-346.215000,	-43.512100,	-43.512100,	-91.879700,	-207.832000,	-14.222900,	-101.802000,	-371.278000,	-182.673000,	-32.999000,	-13.491000,	-13.491000,	-51.017200,	-19.818700,	-19.818700,	-404.137000,	-222.994000,	-193.340000,	-14.849400,	-101.949000,	-147.629000,	-90.143300,	-272.468000,	-176.271000,	0.888054,	-25.449200,	-47.092400,	-133.179000,	-64.290100,	-181.567000,	-31.436400,	-10.369900,	-254.946000,	-150.799000,	-253.649000,	-100.844000,	-93.263000,	-38.245200,	-211.725000,	-250.473000,	-269.591000,	-117.290000,	-177.817000,	13.940300,	-134.203000,	-61.982200,	-358.440000,	-199.328000,	-233.058000,	-73.059600,	-38.383400,	-5.208570,	-158.857000,	-54.957300,	-56.440700,	-194.853000,	-224.042000,	-224.042000,	-224.042000,	21.525600,	-37.434700,	29.867000,	-69.484700,	-435.043000,	-243.526000,	-226.978000,	-244.141000,	-103.180000,	-265.874000,	-132.942000,	-70.257500,	-77.921800,	-77.921800,	-128.511000,	-40.774800,	-13.649800,	-167.316000
-201.566000,	-101.659000,	-123.505000,	-129.106000,	11.586900,	-110.637000,	-127.041000,	-71.716200,	-138.634000,	-2.617300,	-28.442900,	-28.442900,	-29.761100,	-0.634232,	-132.544000,	-128.239000,	-128.239000,	-12.721300,	-12.721300,	-124.317000,	-177.509000,	-84.815400,	-31.614800,	-31.200900,	-177.949000,	-145.456000,	-287.425000,	-411.046000,	-174.311000,	114.035000,	-108.136000,	-4.666590,	-217.695000,	-141.984000,	-319.630000,	-13.144500,	-13.144500,	-59.084300,	-172.438000,	-9.497230,	-64.897900,	-309.252000,	-162.248000,	3.376410,	-3.118810,	-3.118810,	-10.501200,	17.354700,	17.354700,	-365.101000,	-245.102000,	-151.412000,	5.059330,	-76.956000,	-128.710000,	-74.118600,	-213.280000,	-160.500000,	13.276700,	-7.726520,	-5.180510,	-70.825100,	-28.367900,	-139.832000,	-7.724450,	-6.424490,	-191.528000,	-117.303000,	-222.588000,	-65.294000,	-46.296500,	-13.100200,	-220.381000,	-246.922000,	-223.336000,	-101.529000,	-152.299000,	60.279300,	-102.999000,	-21.717200,	-307.071000,	-180.120000,	-217.454000,	-36.546800,	-13.939400,	-7.270830,	-139.716000,	-26.058300,	-39.507600,	-139.800000,	-193.728000,	-193.728000,	-193.728000,	28.563000,	-5.231410,	29.134300,	-5.655520,	-389.077000,	-253.602000,	-192.442000,	-219.803000,	-98.876300,	-187.438000,	-41.959200,	-22.694400,	-41.612000,	-41.612000,	-72.959200,	1.666590,	5.357330,	-165.034000
-161.464000,	-47.787700,	-31.056500,	-72.320900,	54.343100,	-71.715600,	-79.192500,	-14.929900,	-86.526200,	5.960940,	-4.251620,	-4.251620,	37.714500,	43.230600,	-62.693200,	-72.204600,	-72.204600,	10.871600,	10.871600,	-41.434600,	-101.653000,	-23.038900,	7.912680,	12.790200,	-171.772000,	-122.638000,	-207.917000,	-357.996000,	-107.001000,	158.254000,	-51.545500,	15.783500,	-115.545000,	-90.050400,	-238.938000,	12.806800,	12.806800,	-23.675500,	-106.936000,	-11.633300,	-23.167400,	-215.695000,	-124.031000,	42.231600,	9.236790,	9.236790,	42.862300,	56.446700,	56.446700,	-260.669000,	-254.818000,	-93.689500,	24.094800,	-39.728000,	-90.701000,	-49.199300,	-121.238000,	-119.882000,	21.757200,	16.499100,	40.462900,	-3.025720,	9.855350,	-96.683300,	12.406600,	-2.151120,	-120.499000,	-64.538300,	-174.993000,	-28.840300,	-3.839600,	11.434300,	-204.233000,	-230.797000,	-129.301000,	-71.368200,	-102.314000,	95.543200,	-53.894000,	21.981500,	-208.602000,	-125.641000,	-166.603000,	5.385430,	9.923290,	-6.996310,	-110.401000,	3.857210,	-19.847800,	-77.738000,	-160.264000,	-160.264000,	-160.264000,	29.792000,	27.306100,	22.459300,	60.749100,	-267.178000,	-239.711000,	-139.202000,	-184.709000,	-58.665000,	-68.041400,	55.194100,	38.247600,	-1.039940,	-1.039940,	-13.664700,	35.748300,	24.425300,	-145.015000
-70.509000,	34.668000,	82.778400,	1.466590,	92.328200,	3.727600,	-14.697400,	40.714400,	-16.485100,	16.424200,	21.118900,	21.118900,	97.575300,	70.131600,	19.361200,	8.569950,	8.569950,	34.616500,	34.616500,	50.484600,	-2.863800,	48.794400,	44.114800,	61.955600,	-127.360000,	-79.719400,	-58.194300,	-266.918000,	15.638500,	184.594000,	36.008100,	36.728000,	28.847400,	-12.139000,	-82.969000,	34.827900,	34.827900,	16.430700,	-8.229130,	-11.112800,	25.102900,	-65.451300,	-54.049200,	94.412900,	27.921400,	27.921400,	107.639000,	91.000600,	91.000600,	-60.878100,	-212.387000,	-8.564640,	44.705700,	19.068500,	-31.750200,	-0.512846,	4.701600,	-43.898200,	33.303200,	36.012600,	73.819000,	68.896200,	46.429200,	-39.267200,	29.076000,	2.297630,	-29.812600,	0.069347,	-90.728900,	15.876900,	44.560600,	36.040600,	-139.531000,	-156.485000,	23.424300,	-24.795300,	-3.656720,	118.506000,	26.183900,	67.480600,	-51.485100,	-38.293000,	-72.538100,	52.125600,	35.163500,	1.653520,	-42.471600,	32.214400,	5.136340,	18.219000,	-74.918600,	-74.918600,	-74.918600,	35.578400,	52.716300,	14.237700,	129.647000,	-41.499500,	-157.241000,	-42.952300,	-109.846000,	13.671300,	84.340900,	145.929000,	94.047400,	36.755700,	36.755700,	45.931000,	60.326200,	50.230100,	-84.870000
55.663700,	113.518000,	173.774000,	80.556700,	112.443000,	92.277300,	52.999500,	83.674800,	48.094000,	23.275200,	40.866000,	40.866000,	141.624000,	85.254400,	97.396800,	103.397000,	103.397000,	53.152700,	53.152700,	127.821000,	103.645000,	110.380000,	68.772700,	104.136000,	-49.021000,	-22.869700,	108.072000,	-160.818000,	147.872000,	192.843000,	129.808000,	56.015500,	175.187000,	63.356700,	103.737000,	49.375300,	49.375300,	50.305100,	88.568600,	-4.208270,	67.546400,	108.988000,	28.402400,	139.094000,	44.237900,	44.237900,	156.055000,	106.189000,	106.189000,	166.473000,	-119.656000,	87.023100,	60.796000,	84.870900,	32.788100,	66.869700,	127.437000,	44.318300,	43.784000,	37.365100,	86.908100,	130.157000,	74.253500,	32.769000,	41.458900,	6.454520,	77.960300,	61.052700,	23.957100,	61.607300,	90.711600,	59.767500,	-43.851700,	-31.167500,	180.910000,	27.522300,	117.132000,	124.124000,	115.478000,	100.492000,	122.582000,	54.940700,	38.920100,	90.055000,	54.674900,	9.587200,	43.936800,	52.342100,	32.374300,	124.986000,	47.272000,	47.272000,	47.272000,	41.454600,	62.710900,	-3.505490,	176.381000,	213.003000,	-27.396100,	70.133100,	-4.943070,	77.074500,	212.916000,	205.948000,	125.271000,	60.172700,	60.172700,	92.824500,	70.716600,	81.254000,	0.320238
169.822000,	148.341000,	211.192000,	147.577000,	113.503000,	157.722000,	109.767000,	112.856000,	96.382900,	28.358500,	53.810600,	53.810600,	165.676000,	95.938900,	147.074000,	183.755000,	183.755000,	71.670800,	71.670800,	176.058000,	195.560000,	143.565000,	78.782600,	127.672000,	37.715900,	34.399600,	229.107000,	-63.115100,	231.311000,	177.645000,	199.328000,	69.424500,	272.910000,	112.589000,	249.456000,	52.299200,	52.299200,	71.263500,	149.837000,	3.735120,	95.539000,	254.811000,	104.269000,	155.428000,	48.594900,	48.594900,	164.820000,	93.396600,	93.396600,	337.346000,	-7.800390,	168.663000,	67.572800,	134.678000,	85.773300,	134.907000,	213.343000,	118.319000,	49.371100,	33.161600,	82.800800,	170.219000,	87.593600,	103.276000,	45.726400,	9.642920,	186.369000,	106.210000,	139.201000,	92.115200,	121.417000,	80.071100,	43.569400,	98.270900,	284.355000,	68.432100,	204.402000,	112.559000,	180.422000,	113.214000,	256.989000,	126.417000,	128.083000,	106.666000,	59.924600,	11.673500,	119.435000,	58.877800,	55.234800,	205.642000,	156.103000,	156.103000,	156.103000,	39.623800,	55.966500,	-23.327000,	174.274000,	400.655000,	100.027000,	162.042000,	101.438000,	98.679400,	267.579000,	215.582000,	126.945000,	66.653200,	66.653200,	117.707000,	67.436700,	98.782700,	80.006600
250.520000,	130.635000,	192.936000,	191.267000,	101.624000,	179.483000,	148.164000,	128.305000,	130.901000,	31.372100,	62.373500,	62.373500,	164.410000,	99.341900,	161.309000,	235.179000,	235.179000,	84.193100,	84.193100,	195.360000,	252.918000,	146.693000,	73.935400,	130.042000,	114.163000,	84.479900,	282.897000,	6.972180,	239.557000,	140.381000,	222.826000,	72.038800,	307.990000,	130.941000,	307.373000,	45.752500,	45.752500,	82.932300,	170.632000,	11.732000,	111.744000,	346.469000,	167.589000,	140.129000,	36.220000,	36.220000,	128.907000,	55.601600,	55.601600,	417.251000,	98.470700,	224.341000,	62.893000,	155.686000,	121.309000,	182.791000,	258.229000,	166.988000,	49.153500,	38.159600,	64.992100,	188.969000,	82.329400,	156.855000,	40.883400,	10.766800,	270.928000,	121.873000,	224.025000,	102.799000,	135.208000,	87.313200,	107.990000,	200.355000,	312.299000,	92.203400,	221.195000,	91.250900,	198.798000,	103.980000,	328.232000,	163.667000,	169.522000,	100.652000,	52.650700,	12.531400,	177.638000,	58.701300,	65.455800,	249.246000,	231.120000,	231.120000,	231.120000,	27.996200,	33.409600,	-32.462600,	118.929000,	475.441000,	190.467000,	218.252000,	191.099000,	84.352500,	246.613000,	182.867000,	102.199000,	58.219200,	58.219200,	119.193000,	57.226700,	84.376700,	139.857000
292.823000,	89.607900,	139.024000,	204.240000,	78.843100,	157.077000,	160.017000,	126.695000,	142.667000,	26.428200,	65.033600,	65.033600,	130.767000,	91.118800,	150.404000,	259.095000,	259.095000,	83.663900,	83.663900,	185.851000,	262.060000,	119.479000,	50.238400,	114.648000,	167.409000,	118.649000,	266.004000,	50.232900,	179.036000,	100.722000,	192.148000,	62.926900,	290.867000,	121.294000,	274.463000,	40.146000,	40.146000,	88.253900,	159.211000,	25.648600,	113.579000,	375.172000,	203.929000,	102.432000,	12.651900,	12.651900,	64.533000,	7.031030,	7.031030,	401.895000,	178.574000,	252.440000,	49.743100,	144.648000,	136.436000,	197.088000,	269.341000,	180.048000,	43.832100,	46.124900,	37.693100,	186.434000,	63.611000,	187.152000,	33.464200,	9.907920,	303.790000,	99.602600,	255.713000,	99.304500,	131.832000,	75.089500,	156.173000,	260.912000,	269.251000,	105.640000,	166.596000,	71.137200,	163.416000,	76.604700,	341.552000,	164.993000,	161.553000,	85.011600,	42.378100,	17.187400,	212.413000,	60.576900,	58.808300,	256.872000,	272.964000,	272.964000,	272.964000,	12.550200,	5.315820,	-19.230000,	41.620000,	432.969000,	220.827000,	230.590000,	245.632000,	60.332700,	183.039000,	134.743000,	58.870600,	35.294300,	35.294300,	101.962000,	46.237500,	47.576100,	175.915000
270.920000,	54.875700,	72.670900,	177.924000,	46.783900,	96.820200,	132.867000,	104.288000,	115.656000,	15.597100,	57.038700,	57.038700,	71.343800,	75.232900,	117.913000,	245.215000,	245.215000,	77.026200,	77.026200,	139.877000,	218.528000,	63.658100,	13.469900,	83.516600,	173.265000,	119.417000,	177.135000,	72.497900,	76.746500,	78.968200,	114.258000,	43.346800,	226.614000,	85.216300,	175.014000,	39.510400,	39.510400,	81.590500,	119.286000,	42.596500,	89.075300,	327.168000,	189.555000,	52.670200,	-11.754300,	-11.754300,	3.321230,	-31.818700,	-31.818700,	291.655000,	201.995000,	236.690000,	33.939200,	101.891000,	123.978000,	168.312000,	238.471000,	146.449000,	34.920700,	45.761100,	9.989810,	161.842000,	45.476200,	181.256000,	29.218900,	8.200970,	263.934000,	52.888100,	224.302000,	81.916300,	106.536000,	48.982800,	176.900000,	257.635000,	167.769000,	110.015000,	69.009000,	58.389900,	85.809600,	38.982300,	291.496000,	131.829000,	114.399000,	71.415100,	32.083000,	23.001500,	202.862000,	58.138600,	41.407600,	211.675000,	257.266000,	257.266000,	257.266000,	-2.778590,	-14.742300,	23.274200,	-19.808400,	289.146000,	172.971000,	185.693000,	236.569000,	45.102600,	109.693000,	91.648300,	14.603700,	4.876430,	4.876430,	68.636600,	37.492500,	21.148600,	173.559000
164.453000,	31.952000,	12.329600,	116.029000,	16.694900,	19.499800,	72.257800,	64.185500,	58.542800,	9.951130,	39.132400,	39.132400,	16.149000,	57.656100,	58.535100,	180.643000,	180.643000,	75.835900,	75.835900,	68.975600,	132.936000,	7.984310,	-15.205200,	43.651300,	115.479000,	77.972700,	47.220500,	68.863700,	-17.740600,	77.832000,	23.214700,	17.032000,	130.695000,	35.747300,	53.510400,	38.355400,	38.355400,	58.343800,	61.328700,	47.737700,	38.708600,	202.123000,	123.617000,	4.588330,	-25.415500,	-25.415500,	-25.663000,	-44.380800,	-44.380800,	123.083000,	152.256000,	162.354000,	19.290500,	41.493800,	83.342500,	98.086000,	158.663000,	78.266200,	25.239000,	41.640300,	-6.656390,	125.191000,	36.331300,	128.854000,	26.249300,	6.113980,	156.066000,	12.236400,	143.562000,	50.588500,	66.185300,	22.586500,	143.506000,	178.465000,	43.942200,	98.811100,	-20.671600,	54.665500,	1.346270,	2.904220,	186.416000,	79.479600,	47.855800,	56.166300,	21.620000,	23.422300,	137.068000,	42.991500,	23.403400,	104.019000,	158.071000,	158.071000,	158.071000,	-14.211000,	-18.189000,	71.321000,	-45.049400,	97.276000,	61.334000,	91.422100,	153.818000,	40.436400,	50.023200,	59.990300,	-8.472020,	-16.204500,	-16.204500,	29.536300,	31.208200,	21.550800,	121.893000
15.434800,	21.352100,	-25.609100,	44.242900,	4.000230,	-39.117900,	6.944960,	18.035400,	4.029120,	12.515900,	21.421800,	21.421800,	-6.176060,	42.919900,	-17.554300,	82.305100,	82.305100,	79.371900,	79.371900,	3.831020,	33.677700,	-17.363300,	-19.395500,	11.465000,	18.476000,	14.829800,	-59.774400,	40.792200,	-54.123700,	88.996000,	-33.086700,	-6.872310,	48.946800,	-3.376940,	-37.037700,	33.100200,	33.100200,	29.791900,	13.056200,	34.246200,	-14.651400,	47.691800,	38.211400,	-23.435200,	-21.916600,	-21.916600,	-17.088400,	-29.478200,	-29.478200,	-24.514200,	59.065100,	48.366500,	7.505110,	-9.079290,	26.922000,	6.769470,	44.227800,	11.042500,	19.362500,	39.564800,	-9.108110,	93.038800,	30.807200,	44.243200,	24.350500,	3.079970,	20.622500,	-6.757920,	49.762900,	17.594100,	29.804300,	3.055180,	58.779900,	57.139900,	-44.812600,	74.963100,	-56.738300,	60.057100,	-44.908500,	-21.201600,	77.173600,	33.868500,	-8.363320,	33.539000,	16.234500,	20.413100,	42.391300,	22.256800,	9.497080,	-18.826000,	12.075600,	12.075600,	12.075600,	-17.540800,	-9.464670,	94.456200,	-34.663500,	-57.632500,	-53.946300,	-8.903200,	33.621900,	42.169700,	21.505100,	41.067500,	-7.169160,	-18.950100,	-18.950100,	-0.168411,	28.169300,	38.119900,	42.189800
-93.185000,	23.192800,	-34.908800,	-3.190970,	8.200350,	-52.927200,	-31.563800,	-17.408900,	-24.080300,	14.140000,	13.143800,	13.143800,	4.376950,	35.641600,	-81.290800,	-7.845260,	-7.845260,	81.093000,	81.093000,	-33.650400,	-43.365800,	-12.814700,	-1.758970,	0.772315,	-57.285400,	-34.181500,	-95.962700,	1.958890,	-29.812400,	99.653400,	-33.834300,	-17.037500,	19.620400,	-18.012500,	-60.664700,	25.042300,	25.042300,	10.501500,	-2.127940,	14.544800,	-44.758200,	-64.183500,	-28.903900,	-21.945900,	-7.817830,	-7.817830,	5.070760,	-3.835810,	-3.835810,	-86.874400,	-13.270400,	-55.940200,	-0.130440,	-29.210600,	-25.536600,	-69.565600,	-67.191000,	-25.635600,	11.700800,	32.424100,	-5.972190,	69.561000,	20.162400,	-35.078300,	28.906700,	-0.728299,	-86.227700,	-7.359550,	-16.679400,	1.221620,	9.850980,	-9.727700,	-28.677600,	-44.456900,	-65.362900,	51.659000,	-36.836300,	67.645100,	-37.551600,	-30.023400,	17.354400,	11.552600,	-28.204500,	8.930770,	20.240900,	18.594400,	-33.162100,	8.780610,	-3.747980,	-86.409500,	-95.186500,	-95.186500,	-95.186500,	-10.177800,	3.257140,	76.511600,	-8.973630,	-114.277000,	-104.921000,	-70.042500,	-60.250800,	40.798500,	18.941900,	34.535400,	1.544620,	-12.525100,	-12.525100,	-13.724900,	26.442500,	51.990800,	-22.986000
-117.068000,	26.195200,	-26.387700,	-14.912600,	14.074800,	-35.839700,	-36.165800,	-29.191700,	-29.355400,	10.708800,	13.745200,	13.745200,	31.490800,	37.941400,	-107.774000,	-56.412700,	-56.412700,	82.939900,	82.939900,	-48.167000,	-75.677900,	-2.797940,	21.617900,	11.276900,	-71.986200,	-48.530400,	-68.316000,	-31.942600,	3.251280,	98.518800,	-7.038500,	-11.427000,	31.773500,	-13.027200,	-29.971800,	17.690800,	17.690800,	7.627710,	15.132400,	6.896030,	-43.757300,	-95.653000,	-57.179500,	-2.279520,	5.179510,	5.179510,	16.835100,	14.443000,	14.443000,	-65.775400,	-28.697700,	-115.402000,	-2.248970,	-27.157000,	-61.736100,	-104.383000,	-136.814000,	-34.753600,	-2.545300,	17.626500,	-5.429640,	46.031000,	7.835330,	-77.310600,	41.303900,	-3.711730,	-134.947000,	3.161250,	-41.777600,	2.733420,	1.327810,	-13.755700,	-74.745800,	-90.842600,	-37.853000,	38.404300,	-5.968110,	68.502000,	-10.016700,	-25.128300,	7.688370,	7.104330,	-15.229300,	-6.373750,	28.170700,	22.681000,	-56.179200,	6.059690,	-15.754600,	-75.007900,	-112.103000,	-112.103000,	-112.103000,	5.832510,	18.694500,	38.583100,	11.953400,	-82.662000,	-79.044000,	-81.995800,	-89.578600,	23.469700,	16.465100,	25.917200,	1.002790,	-13.663700,	-13.663700,	-16.362000,	23.662400,	55.890900,	-49.932200
-82.476800,	11.544000,	-16.775400,	-4.910450,	8.214790,	-24.273900,	-20.607000,	-20.099700,	-21.734800,	8.021800,	17.226300,	17.226300,	60.208300,	47.152700,	-95.388600,	-61.095600,	-61.095600,	91.122700,	91.122700,	-54.064800,	-68.027700,	0.525831,	42.473800,	30.555900,	-40.328500,	-34.922200,	-18.979800,	-53.998500,	0.241076,	82.949100,	-0.667979,	-2.753020,	41.971900,	-0.319438,	8.218210,	15.065100,	15.065100,	16.604500,	45.928700,	16.277400,	-25.961100,	-68.753000,	-44.617700,	11.479800,	7.044760,	7.044760,	11.736900,	17.706700,	17.706700,	-13.869800,	-4.719080,	-137.946000,	-3.047890,	-25.639900,	-77.957600,	-103.349000,	-148.213000,	-35.572800,	-17.340600,	8.341210,	-7.998710,	25.558000,	2.813240,	-81.330700,	53.189400,	-4.715070,	-137.744000,	19.788200,	-42.320100,	7.585080,	-3.667670,	-8.701420,	-78.088900,	-90.436700,	-4.840330,	33.960700,	-5.049410,	58.629800,	-6.369980,	-16.053500,	3.677680,	7.575890,	3.335180,	-12.700500,	31.645600,	28.925900,	-29.250300,	9.276130,	-22.955000,	-25.656300,	-62.448000,	-62.448000,	-62.448000,	19.465500,	32.377400,	1.856680,	18.785600,	-24.131300,	-24.008400,	-64.217700,	-65.145400,	-10.305800,	-4.281070,	6.356410,	-7.891360,	-23.627100,	-23.627100,	-17.205800,	18.752300,	45.723000,	-47.946100
-33.370800,	-17.497300,	-7.750520,	11.891700,	-3.021630,	-26.859400,	-0.096838,	-2.620840,	-5.408480,	8.674990,	17.454800,	17.454800,	80.799600,	59.375400,	-58.823000,	-37.505000,	-37.505000,	107.453000,	107.453000,	-52.212000,	-35.683900,	4.251850,	59.642000,	51.350300,	-0.516138,	-9.720110,	22.632700,	-65.884900,	-23.104900,	62.745500,	-19.017700,	-0.376779,	31.445500,	14.336000,	27.834600,	16.469400,	16.469400,	29.399700,	69.328100,	30.372400,	-8.130700,	-24.197900,	-3.525480,	11.858300,	-0.600585,	-0.600585,	3.163810,	13.198200,	13.198200,	28.322100,	20.954200,	-135.782000,	-5.307280,	-30.487700,	-74.149500,	-88.851800,	-111.167000,	-34.404800,	-21.960100,	11.625600,	-8.382120,	22.818200,	8.240920,	-62.305100,	57.549800,	-3.956980,	-117.242000,	33.556700,	-34.339400,	9.043330,	-6.886890,	-0.072070,	-59.075000,	-64.955600,	16.539200,	30.165300,	-25.242200,	42.361400,	-27.117900,	-11.296500,	-14.605500,	7.461860,	11.863900,	-16.330900,	30.952400,	31.245900,	17.811200,	10.832400,	-25.203800,	19.940800,	0.948610,	0.948610,	0.948610,	23.305100,	38.979200,	-20.847800,	19.900400,	18.210800,	13.521200,	-33.235000,	-21.074800,	-39.427300,	-25.078900,	-9.172520,	-11.647200,	-28.762500,	-28.762500,	-14.392000,	13.657900,	21.239300,	-32.968200
15.179700,	-36.849600,	4.808190,	28.631400,	-8.342640,	-24.305400,	17.077100,	10.822500,	15.849900,	5.749860,	13.387200,	13.387200,	76.460900,	68.721500,	-19.048800,	-5.187630,	-5.187630,	125.250000,	125.250000,	-39.936500,	5.857160,	9.122370,	66.715300,	66.975300,	30.383500,	14.770600,	53.424200,	-66.831000,	-22.807000,	49.187400,	-29.078200,	-4.627720,	15.845900,	27.507900,	32.422100,	20.098500,	20.098500,	41.683200,	76.175600,	41.055700,	7.181020,	22.929000,	43.281900,	5.528410,	-10.511000,	-10.511000,	1.769800,	9.929350,	9.929350,	53.695100,	34.919200,	-101.404000,	-7.269950,	-31.083800,	-52.943600,	-69.101000,	-51.422000,	-23.307300,	-14.558000,	14.891900,	-3.588560,	37.723600,	13.766900,	-32.035800,	58.062400,	-2.462760,	-78.545400,	35.546000,	-15.373800,	12.607000,	-10.347200,	4.229400,	-27.895200,	-24.768100,	30.111500,	21.635900,	-30.318000,	26.789100,	-39.060600,	-11.579200,	-30.466600,	5.535340,	13.544000,	-16.367000,	31.530400,	25.061400,	55.316800,	8.276030,	-23.644600,	59.074600,	49.412300,	49.412300,	49.412300,	16.030800,	34.581200,	-14.204600,	21.559300,	40.057200,	32.321100,	10.017400,	22.405200,	-42.363800,	-18.447400,	-7.859880,	-7.040080,	-25.829500,	-25.829500,	-5.143970,	11.460600,	-5.756850,	-9.825060
57.026600,	-35.305300,	15.597500,	41.679600,	-8.449060,	-7.117020,	28.562000,	11.332200,	34.828600,	-4.293470,	4.436450,	4.436450,	37.650900,	68.096500,	4.481820,	19.633700,	19.633700,	143.677000,	143.677000,	-18.980100,	43.672500,	9.586160,	55.663500,	65.318600,	55.304200,	31.167900,	76.082400,	-49.806300,	5.517710,	46.154100,	-12.940600,	-12.571500,	8.546350,	35.742800,	38.838400,	23.789600,	23.789600,	47.383200,	69.821200,	45.956500,	23.795200,	74.633600,	75.427300,	-2.080300,	-16.911500,	-16.911500,	8.200220,	12.126500,	12.126500,	68.024600,	45.899500,	-36.404700,	-6.938310,	-22.075000,	-22.674500,	-31.026600,	7.248010,	0.461376,	-5.434870,	8.181320,	5.195860,	53.184900,	10.966600,	4.339200,	59.819400,	-0.774031,	-21.835000,	31.779300,	17.640300,	20.903500,	-17.278800,	5.841480,	10.928700,	19.421900,	40.364200,	13.628800,	-11.360100,	18.698800,	-27.513000,	-12.779600,	-29.302800,	3.487190,	17.316900,	-10.115400,	34.964700,	9.168560,	69.905800,	5.715010,	-20.480500,	90.843500,	74.857700,	74.857700,	74.857700,	2.522840,	25.325700,	12.051300,	22.921200,	56.238900,	54.370200,	60.707300,	63.142800,	-23.214400,	5.631290,	1.152010,	-0.446221,	-24.852600,	-24.852600,	2.834350,	11.089400,	-25.806100,	14.941200
77.523900,	-20.903300,	13.333200,	43.882400,	-9.561610,	7.592680,	29.141300,	-0.932417,	41.464500,	-12.075400,	-4.831360,	-4.831360,	-10.020800,	61.989300,	4.905850,	30.395500,	30.395500,	168.360000,	168.360000,	1.221590,	70.291300,	5.219620,	30.085100,	43.486800,	68.849800,	35.496700,	86.379400,	-18.393700,	28.306800,	51.831600,	9.672530,	-22.984900,	3.655710,	35.318900,	44.247900,	21.560300,	21.560300,	42.894600,	57.238600,	42.316100,	38.337600,	115.699000,	88.064300,	-10.683600,	-14.945600,	-14.945600,	22.212700,	19.189500,	19.189500,	68.361200,	55.201700,	19.530800,	-5.295240,	-10.439100,	4.021190,	26.940600,	48.281400,	20.145200,	0.959708,	3.474700,	14.142900,	63.049800,	8.496020,	39.955900,	60.400300,	0.770060,	35.668400,	27.612500,	46.865700,	26.388100,	-22.696900,	13.780700,	42.082900,	49.329600,	39.249200,	14.342900,	5.418270,	21.722900,	-10.268200,	-12.123100,	-22.987200,	-0.554462,	19.863800,	0.643853,	36.175600,	-6.283740,	66.360300,	7.422460,	-16.139400,	100.911000,	74.871900,	74.871900,	74.871900,	-8.241510,	20.974700,	33.092700,	28.268600,	64.122000,	82.450900,	99.633500,	92.138900,	-3.268090,	16.478800,	5.578560,	3.613690,	-30.540400,	-30.540400,	-3.518160,	10.379700,	-37.825500,	29.576900
66.314500,	-0.185677,	-2.911510,	35.788500,	-15.971700,	2.105300,	17.760300,	-17.880300,	35.313600,	-10.321600,	-8.555430,	-8.555430,	-24.961800,	63.569400,	-9.073590,	28.884700,	28.884700,	197.733000,	197.733000,	7.155050,	75.145200,	6.366090,	8.194480,	16.738300,	57.857000,	29.979200,	82.518200,	6.697080,	26.547700,	62.696900,	12.476800,	-33.472300,	-7.382180,	22.373700,	35.365300,	9.239410,	9.239410,	26.075800,	44.479100,	33.584700,	36.852400,	117.426000,	84.030200,	-23.950400,	-5.873510,	-5.873510,	37.271500,	27.143600,	27.143600,	51.725300,	56.363100,	27.468200,	-7.882900,	-0.605446,	20.966300,	76.297600,	66.355800,	21.143500,	5.328440,	11.615400,	21.365900,	81.398600,	18.431400,	69.875200,	60.243600,	1.442950,	71.791900,	19.931800,	53.016600,	25.101000,	-14.722400,	31.738700,	50.933100,	53.188600,	20.772400,	23.184700,	5.625530,	32.144400,	-3.496890,	-11.982800,	-28.332100,	-10.937400,	13.007800,	10.413800,	33.893600,	-12.933800,	51.289400,	14.750500,	-14.216600,	77.918800,	55.259600,	55.259600,	55.259600,	-13.614200,	19.722500,	26.858700,	38.886200,	49.900600,	99.042700,	107.766000,	91.550500,	5.364360,	6.719100,	14.680400,	4.897920,	-34.605100,	-34.605100,	-24.796500,	5.923280,	-43.126900,	27.495000
33.281200,	25.998100,	-17.182000,	30.298700,	-24.784300,	-17.265900,	1.672670,	-29.361500,	22.162700,	-4.002570,	-5.268790,	-5.268790,	10.926400,	79.318000,	-19.568300,	20.376500,	20.376500,	226.730000,	226.730000,	-7.454320,	53.484600,	12.588900,	4.775880,	4.848110,	23.493700,	20.069500,	67.775800,	17.396400,	12.386000,	74.970100,	-2.027530,	-36.774100,	-18.966800,	-0.104403,	18.163200,	-4.433290,	-4.433290,	1.099040,	34.795800,	31.955600,	11.559500,	74.065200,	64.841500,	-38.480800,	4.497260,	4.497260,	44.372700,	30.713500,	30.713500,	33.124700,	48.629200,	-0.277760,	-16.290900,	9.972640,	29.720800,	92.007800,	65.514000,	7.416210,	7.221290,	24.115100,	30.702800,	114.739000,	41.522400,	96.058200,	66.938000,	1.392250,	81.096400,	7.449740,	39.175700,	19.424100,	7.308740,	57.846600,	41.696400,	37.550900,	-2.552780,	34.486700,	1.803360,	43.188400,	-1.639800,	-13.797500,	-37.368300,	-24.948400,	2.636010,	17.692000,	31.240900,	-11.525000,	27.900900,	23.043800,	-18.154200,	31.833500,	28.560800,	28.560800,	28.560800,	-16.688500,	16.522500,	8.915930,	47.203100,	22.189500,	91.916900,	81.435500,	56.844300,	6.432800,	-3.958180,	36.929100,	4.020070,	-31.249900,	-31.249900,	-44.774200,	-1.572890,	-38.433200,	14.745400
-3.340740,	48.134100,	-20.272900,	37.811700,	-35.327300,	-28.062100,	-8.199340,	-30.344400,	12.003200,	-1.296070,	0.337036,	0.337036,	72.765500,	102.086000,	-19.340100,	5.045990,	5.045990,	254.407000,	254.407000,	-33.564600,	14.720600,	11.656000,	22.632500,	10.223900,	-12.711700,	11.513400,	42.649600,	17.421000,	-1.102790,	78.483000,	-17.804800,	-30.493100,	-23.545300,	-21.404900,	8.062840,	-12.189500,	-12.189500,	-22.620700,	28.457800,	44.546200,	-26.892700,	7.337520,	35.975500,	-49.391200,	8.716570,	8.716570,	35.388600,	25.522300,	25.522300,	22.088500,	40.594100,	-22.842600,	-27.390900,	23.597700,	34.739500,	75.225200,	55.517100,	-6.416540,	2.631360,	29.075300,	42.438700,	145.856000,	62.721400,	112.684000,	80.080300,	0.830949,	71.542400,	-3.929630,	22.859000,	9.044770,	29.856200,	82.964800,	28.511000,	16.056000,	-17.312800,	38.633400,	6.119780,	46.178100,	4.132880,	-17.873800,	-36.689900,	-33.221900,	-0.983507,	21.306900,	27.484500,	-10.468700,	1.249010,	24.361100,	-27.790300,	-14.736100,	-0.372535,	-0.372535,	-0.372535,	-22.029700,	7.790750,	0.359741,	37.915300,	-3.426190,	61.846600,	34.964700,	8.907650,	6.433950,	-8.456070,	54.213500,	-0.172186,	-24.422700,	-24.422700,	-51.415600,	-7.088750,	-25.573600,	0.776020
-24.696700,	53.883800,	-12.787200,	59.001900,	-44.784400,	-16.287000,	-1.506360,	-21.717500,	15.041900,	-4.013450,	3.265580,	3.265580,	116.564000,	117.268000,	-14.088000,	-8.106070,	-8.106070,	271.839000,	271.839000,	-48.400800,	-16.799500,	-1.305000,	52.377600,	24.470500,	-23.493500,	11.644800,	21.808000,	17.155400,	-10.584100,	69.027000,	-20.171300,	-18.953800,	-16.922800,	-28.388800,	15.484400,	-13.960400,	-13.960400,	-35.934300,	30.881600,	61.075800,	-54.064800,	-41.218300,	16.007500,	-51.568700,	8.188980,	8.188980,	17.193400,	15.729700,	15.729700,	25.283300,	46.336300,	-16.487800,	-34.638400,	37.353500,	42.294600,	51.333300,	51.868600,	-5.256290,	-8.236190,	27.745700,	45.919400,	155.963000,	62.789400,	110.156000,	87.248000,	-0.311439,	54.266200,	-9.109140,	17.550400,	-7.091410,	40.571400,	90.957100,	25.769200,	5.481830,	-9.137640,	32.515000,	12.373400,	41.423900,	11.857000,	-21.853800,	-20.606900,	-27.019000,	8.366810,	19.490500,	21.264300,	-17.590000,	-16.982000,	18.224000,	-39.111400,	-41.508000,	-24.711900,	-24.711900,	-24.711900,	-27.355900,	-4.088530,	0.717528,	14.307900,	-6.987130,	26.492800,	-0.701618,	-16.744500,	9.663670,	-10.814800,	51.172700,	-6.380320,	-17.332800,	-17.332800,	-41.940900,	-9.269300,	-16.366300,	-4.238110
-9.705150,	44.802700,	2.804280,	84.552800,	-46.953600,	13.365800,	19.823700,	-12.792200,	31.338800,	-9.694600,	0.836869,	0.836869,	112.394000,	117.610000,	-11.113800,	-0.521720,	-0.521720,	267.977000,	267.977000,	-40.507700,	-18.632700,	-14.236200,	76.996500,	42.939500,	-2.193500,	24.772000,	33.741900,	27.807900,	-3.380960,	50.279300,	-1.829760,	-9.487480,	3.612440,	-16.011400,	47.033000,	-14.565100,	-14.565100,	-32.337000,	49.702500,	64.379300,	-54.044700,	-37.426400,	20.856800,	-42.052400,	7.899430,	7.899430,	4.054600,	8.560020,	8.560020,	57.877200,	71.090600,	15.340600,	-33.957600,	45.928900,	54.688500,	45.056500,	61.098100,	17.793300,	-20.611900,	21.945800,	28.336100,	144.141000,	33.779700,	88.208100,	82.082100,	-2.125130,	41.530200,	-9.479620,	25.726400,	-20.267800,	36.754000,	70.212400,	43.897600,	23.744700,	32.842800,	24.128500,	17.244500,	33.287700,	20.907700,	-22.009800,	5.505210,	-8.399410,	34.297500,	10.666000,	15.385800,	-29.278800,	-12.990800,	12.229300,	-46.469700,	-26.527600,	-24.082100,	-24.082100,	-24.082100,	-28.641500,	-14.200700,	2.604800,	-4.722360,	35.917700,	10.517200,	0.272372,	-1.321060,	21.290800,	-5.669880,	36.904300,	-12.620600,	-14.373700,	-14.373700,	-25.506400,	-10.089500,	-18.427900,	11.260500
41.337200,	29.058800,	18.470800,	103.366000,	-42.654500,	42.826700,	42.233000,	-11.640900,	51.336800,	-17.997100,	-7.770370,	-7.770370,	63.271400,	112.168000,	-15.951900,	29.100700,	29.100700,	260.616000,	260.616000,	-24.666500,	9.398570,	-3.216280,	83.025500,	65.056600,	34.840800,	43.732100,	78.413800,	45.426300,	30.795600,	30.404500,	31.632600,	-6.267880,	32.646600,	6.808860,	101.765000,	-18.749200,	-18.749200,	-14.069400,	76.259000,	48.103400,	-35.644900,	12.068300,	42.014600,	-28.672100,	8.487550,	8.487550,	1.966400,	4.840790,	4.840790,	116.753000,	105.826000,	54.810800,	-26.911700,	45.296000,	67.169100,	62.482500,	77.213300,	55.374800,	-35.567000,	6.940530,	-7.799950,	123.894000,	-11.833800,	59.751100,	75.311300,	-3.986090,	41.231600,	-2.903150,	45.140600,	-19.902200,	21.472900,	31.298400,	77.516800,	69.510400,	92.554700,	22.045800,	28.733200,	20.872800,	31.872500,	-16.105800,	27.132900,	9.049330,	72.378500,	-3.900860,	11.482100,	-37.399800,	11.535800,	7.099630,	-47.101800,	31.742600,	7.531590,	7.531590,	7.531590,	-27.383400,	-15.758800,	-0.335596,	-8.237810,	120.082000,	22.470900,	31.929200,	41.354900,	39.358600,	15.705400,	25.664400,	-17.460500,	-22.367800,	-22.367800,	-16.544800,	-9.946420,	-27.047400,	44.272200
93.263300,	8.309670,	23.070600,	107.363000,	-39.928300,	49.489200,	51.215900,	-17.886800,	66.924700,	-26.575500,	-22.693200,	-22.693200,	-0.352686,	111.313000,	-32.943100,	59.924700,	59.924700,	297.685000,	297.685000,	-23.940100,	42.110200,	40.946900,	69.360500,	82.518700,	60.061900,	54.687600,	115.754000,	62.111900,	71.846200,	19.891800,	59.196000,	-9.697280,	51.818000,	24.136900,	150.189000,	-21.993500,	-21.993500,	11.949900,	91.545300,	25.127200,	-15.324000,	61.197700,	57.186200,	-22.313400,	4.324770,	4.324770,	4.262210,	0.262792,	0.262792,	159.619000,	126.652000,	75.049800,	-18.920900,	32.914100,	71.250200,	85.713500,	91.028400,	86.362600,	-51.075400,	-11.478500,	-43.040600,	103.029000,	-50.270200,	39.269300,	81.789800,	-4.920350,	49.898400,	13.104300,	67.852600,	-8.430120,	1.490260,	1.344060,	102.006000,	110.199000,	129.164000,	30.210400,	40.727500,	3.243590,	36.026100,	-7.239610,	27.313600,	10.858900,	98.433700,	-17.506600,	8.077370,	-35.125700,	41.271500,	-0.911054,	-40.348800,	101.537000,	44.348800,	44.348800,	44.348800,	-30.811900,	-7.689590,	-2.220020,	-5.475580,	190.562000,	47.539100,	61.323200,	76.778900,	47.965300,	41.363300,	12.951400,	-23.533700,	-46.047300,	-46.047300,	-21.332200,	-7.105770,	-29.206200,	71.968600
112.501000,	-21.138000,	-0.088967,	91.555300,	-49.247100,	34.313000,	46.826600,	-21.267800,	75.323200,	-32.129500,	-37.691300,	-37.691300,	-47.240200,	110.780000,	-58.981000,	63.655700,	63.655700,	399.431000,	399.431000,	-40.827200,	58.444300,	92.512600,	48.034000,	80.414700,	63.891300,	53.721500,	114.813000,	74.355500,	86.713100,	14.876700,	63.421100,	-16.979900,	45.232300,	26.325900,	147.973000,	-19.357900,	-19.357900,	31.681100,	85.283100,	9.334790,	-4.800510,	69.015300,	54.023000,	-27.322400,	-8.491410,	-8.491410,	-6.027750,	-13.540200,	-13.540200,	145.627000,	121.921000,	54.780400,	-14.767000,	17.551700,	64.684000,	80.269900,	101.827000,	92.405700,	-58.736100,	-14.707900,	-60.182400,	79.782700,	-71.848900,	34.387100,	102.603000,	-5.165000,	57.216900,	27.085300,	77.348500,	2.555750,	-8.928850,	-4.808140,	99.490700,	111.795000,	112.338000,	47.949300,	33.534800,	-27.000800,	25.987700,	-1.172950,	0.224597,	-1.426710,	88.095300,	-23.728300,	-0.377726,	-24.251600,	58.244400,	-11.576000,	-27.135600,	148.968000,	58.031700,	58.031700,	58.031700,	-40.108900,	1.308330,	0.704188,	-12.950700,	188.674000,	69.262300,	67.050500,	84.920600,	33.034900,	39.386300,	-8.483050,	-33.023600,	-68.317900,	-68.317900,	-31.812800,	-4.837170,	-19.104800,	77.639700
101.352000,	-48.391800,	-48.696100,	55.626300,	-69.803500,	18.917400,	36.904200,	-10.367200,	69.038600,	-34.262100,	-44.921100,	-44.921100,	-60.084700,	90.880200,	-76.455400,	25.101300,	25.101300,	499.134000,	499.134000,	-53.976600,	60.499400,	107.235000,	24.696400,	46.271900,	58.611700,	49.307800,	87.510500,	76.109500,	65.098600,	3.260600,	50.481200,	-19.466600,	17.666100,	15.339600,	84.632500,	-14.924000,	-14.924000,	30.248400,	60.350300,	-3.161680,	-7.240210,	32.638300,	26.759000,	-37.880200,	-21.011000,	-21.011000,	-33.730400,	-34.877000,	-34.877000,	84.200500,	98.331700,	0.847332,	-12.327500,	11.535200,	49.907200,	25.723300,	105.757000,	74.042500,	-51.493800,	0.371992,	-52.637000,	45.056000,	-83.283000,	48.192200,	124.473000,	-5.208160,	61.814300,	24.991000,	63.801000,	10.248000,	-1.168580,	5.650710,	82.087400,	76.352100,	54.541800,	64.558100,	5.861360,	-78.212300,	11.458500,	5.482990,	-35.786100,	-12.031200,	47.053200,	-20.102200,	-18.557400,	-11.528000,	54.156100,	-22.308800,	-7.351190,	166.653000,	48.673500,	48.673500,	48.673500,	-43.576400,	4.716990,	20.765600,	-23.380400,	111.970000,	81.184900,	51.632900,	64.537200,	-2.059690,	3.301860,	-30.230800,	-41.725800,	-57.436300,	-57.436300,	-34.545000,	-7.582860,	1.369000,	70.491700
77.204800,	-52.658500,	-89.539700,	7.352450,	-80.703100,	18.195500,	25.074000,	10.741500,	40.542500,	-32.852000,	-38.600100,	-38.600100,	-35.289100,	26.309000,	-65.265600,	-44.987000,	-44.987000,	467.579000,	467.579000,	-36.282500,	48.436600,	73.746100,	0.163057,	-17.991800,	54.464400,	45.554600,	63.673500,	64.437600,	26.451200,	-13.951800,	43.416300,	-6.841470,	-10.904800,	2.339480,	6.973950,	-10.950900,	-10.950900,	3.799260,	23.734800,	-25.852300,	-16.952100,	-37.575000,	-33.490400,	-40.241800,	-14.477900,	-14.477900,	-61.936700,	-41.837800,	-41.837800,	23.464400,	61.002000,	-54.687200,	-4.207900,	16.263700,	27.650300,	-52.262900,	87.564900,	50.649300,	-33.358400,	11.856000,	-18.244300,	-6.374160,	-86.520100,	76.175900,	130.323000,	-4.074750,	62.325600,	20.809200,	39.538000,	20.582000,	16.360800,	20.642600,	73.179200,	29.833800,	-0.899259,	65.541500,	-14.776000,	-142.797000,	11.922200,	24.723500,	-53.306100,	-3.282650,	10.280800,	-6.539990,	-37.509500,	-3.314100,	26.112500,	-26.767500,	16.088900,	155.568000,	30.303000,	30.303000,	30.303000,	-25.617700,	9.606900,	59.775700,	-7.524730,	15.207400,	76.885600,	18.245400,	15.662100,	-41.716300,	-32.787800,	-29.223500,	-32.846200,	-2.481960,	-2.481960,	-18.191600,	-11.659500,	30.715600,	65.882600
46.893700,	-18.277500,	-77.393300,	-36.554700,	-55.314300,	27.567100,	12.031000,	22.140900,	-0.592034,	-21.778600,	-14.812700,	-14.812700,	22.139100,	-79.802000,	-17.907600,	-103.245000,	-103.245000,	231.158000,	231.158000,	22.235000,	21.568400,	30.398400,	-18.464900,	-80.364800,	43.593400,	35.110800,	57.773900,	61.798100,	4.423620,	-25.709700,	52.499000,	24.527300,	-16.517700,	4.775850,	-22.256100,	0.393507,	0.393507,	-29.057500,	-16.431200,	-62.517700,	-21.804800,	-122.289000,	-116.079000,	-23.389200,	22.067900,	22.067900,	-60.071200,	-10.650300,	-10.650300,	4.591610,	1.274520,	-78.868500,	15.829200,	19.867800,	-0.440799,	-102.109000,	41.888200,	40.312600,	-9.520030,	11.646900,	37.583400,	-60.210900,	-65.038300,	100.182000,	107.967000,	-0.470567,	51.731200,	44.424500,	22.846500,	29.983000,	26.368100,	31.695500,	69.219700,	-9.971390,	-16.998600,	49.108700,	3.351310,	-190.548000,	33.226100,	62.306100,	-29.797800,	35.508700,	9.246860,	17.109600,	-40.992700,	2.039020,	-13.905000,	-20.988600,	37.565700,	116.860000,	9.826390,	9.826390,	9.826390,	17.380500,	26.402800,	100.003000,	50.974400,	-31.980200,	53.060600,	-30.256900,	-53.201400,	-62.230600,	-15.608600,	3.990840,	10.696800,	73.731800,	73.731800,	25.036700,	-6.796580,	61.320400,	62.121700
19.386500,	53.794800,	-0.072662,	-57.458300,	7.214750,	38.560100,	5.150800,	15.140900,	-27.261100,	0.445740,	30.797200,	30.797200,	93.559400,	-176.994000,	50.930100,	-103.626000,	-103.626000,	-121.916000,	-121.916000,	98.973300,	3.196560,	24.852300,	-21.148900,	-95.687700,	22.196400,	12.272000,	65.437600,	90.892200,	23.152500,	-34.727500,	66.684600,	62.809500,	18.943700,	29.449600,	13.740700,	14.628600,	14.628600,	-41.640000,	-48.454900,	-95.756200,	-9.168990,	-162.089000,	-177.392000,	9.744950,	72.038900,	72.038900,	-16.625100,	48.029200,	48.029200,	25.729100,	-72.404200,	-56.969700,	42.082900,	16.973400,	-28.927100,	-101.187000,	-16.922600,	42.761100,	17.727400,	18.275100,	87.607400,	-83.879200,	-5.767860,	91.638700,	58.795300,	4.724130,	34.596300,	93.698800,	18.253500,	26.843800,	20.517700,	24.245400,	47.635800,	-38.260300,	3.772610,	28.296000,	67.170400,	-196.988000,	62.897800,	101.379000,	42.897100,	92.521200,	42.756200,	42.659600,	-24.549200,	5.163970,	-40.781900,	-5.574900,	49.043300,	69.106600,	1.253220,	1.253220,	1.253220,	69.091100,	52.158900,	111.849000,	128.001000,	-6.376520,	25.348800,	-66.242200,	-105.401000,	-39.026300,	66.588900,	57.221000,	76.516000,	138.393000,	138.393000,	85.467600,	7.466450,	73.382300,	52.001900
11.332900,	134.943000,	96.388600,	-57.563700,	74.617200,	45.189000,	8.241750,	4.481060,	-24.345600,	20.065800,	85.457100,	85.457100,	129.606000,	-212.594000,	106.386000,	-45.822900,	-45.822900,	-395.127000,	-395.127000,	143.241000,	14.983300,	57.039900,	-11.922700,	-57.048100,	2.431290,	-16.170100,	69.179100,	134.705000,	70.657900,	-62.458000,	68.356100,	83.020900,	88.670700,	60.715300,	71.918200,	15.518000,	15.518000,	-21.298300,	-65.598000,	-103.103000,	19.344500,	-95.015700,	-177.830000,	38.551900,	103.412000,	103.412000,	41.280400,	88.737000,	88.737000,	51.010800,	-123.884000,	-4.051210,	57.897800,	10.597300,	-52.451600,	-81.821300,	-68.590700,	42.394600,	41.717700,	36.606100,	93.625900,	-69.322200,	64.958500,	38.814700,	-3.193740,	8.390270,	22.295000,	124.977000,	10.318400,	9.747850,	2.941180,	-13.976700,	4.413480,	-51.331800,	25.397100,	13.580600,	141.113000,	-172.120000,	79.450800,	110.200000,	140.170000,	131.558000,	77.301600,	52.074500,	-6.793910,	4.341680,	-35.956200,	10.828800,	47.048900,	47.264200,	20.099800,	20.099800,	20.099800,	102.119000,	69.007100,	88.236500,	170.498000,	50.048500,	18.041000,	-55.279000,	-101.125000,	27.089600,	162.641000,	91.903400,	117.368000,	163.913000,	163.913000,	128.309000,	17.441800,	54.925300,	38.305600
14.013300,	171.633000,	140.105000,	-59.904600,	104.068000,	37.802800,	11.489400,	6.699340,	-8.864140,	20.042100,	115.310000,	115.310000,	80.355200,	-193.063000,	110.163000,	12.635700,	12.635700,	-467.733000,	-467.733000,	116.887000,	32.161300,	72.611000,	-10.918400,	-14.074500,	-2.872400,	-39.952400,	43.077400,	153.312000,	93.892100,	-117.960000,	46.484300,	68.516900,	145.732000,	74.210300,	94.564600,	-1.983570,	-1.983570,	12.807500,	-76.575300,	-82.764100,	43.258200,	43.171500,	-129.178000,	37.547200,	98.206800,	98.206800,	67.254300,	76.318000,	76.318000,	41.659200,	-123.555000,	35.108300,	50.262500,	-2.632600,	-67.620200,	-85.590400,	-100.437000,	26.773800,	47.839800,	38.843700,	47.306200,	-60.595100,	88.413100,	-36.839100,	-60.264100,	8.285830,	6.210160,	104.032000,	-10.931700,	-10.705900,	-21.037600,	-71.143100,	-40.143700,	-51.338800,	15.811700,	2.610090,	166.130000,	-147.013000,	62.347800,	74.010700,	206.151000,	124.331000,	78.639700,	28.902000,	-12.866200,	-1.055230,	-16.764500,	14.577000,	36.459700,	40.389700,	47.980200,	47.980200,	47.980200,	100.936000,	65.063500,	50.412000,	144.682000,	69.691800,	31.307800,	-10.303400,	-48.614200,	91.360200,	197.218000,	64.189500,	95.837300,	138.859000,	138.859000,	123.248000,	6.932690,	16.330100,	21.574700
-10.048700,	125.654000,	105.873000,	-81.866300,	85.465000,	5.710340,	-3.817970,	11.187100,	-9.355400,	6.269150,	99.084400,	99.084400,	-34.795100,	-165.944000,	59.376400,	18.216500,	18.216500,	-402.427000,	-402.427000,	37.872400,	3.060410,	28.294300,	-27.373600,	-10.179000,	-2.811750,	-54.218400,	-22.524400,	123.607000,	51.851300,	-168.520000,	-0.513683,	28.638800,	140.526000,	63.648400,	61.790400,	-20.601500,	-20.601500,	33.103200,	-90.528900,	-54.671600,	45.451700,	126.707000,	-76.426400,	7.694990,	67.911100,	67.911100,	46.908700,	28.342800,	28.342800,	-16.121800,	-87.281300,	18.786000,	24.430200,	-30.322100,	-76.076100,	-111.009000,	-119.894000,	-4.888780,	34.519700,	7.915190,	-10.289600,	-95.357700,	43.433500,	-99.363100,	-101.209000,	4.988140,	-42.594500,	43.834900,	-44.970700,	-29.403900,	-47.128100,	-113.418000,	-68.309500,	-52.169000,	-20.873900,	-12.815900,	111.074000,	-128.562000,	10.413900,	12.573400,	192.047000,	78.598500,	43.333100,	-18.163000,	-41.286200,	-6.195230,	-15.972000,	1.208730,	24.985600,	-1.858840,	39.140500,	39.140500,	39.140500,	71.609600,	42.072400,	27.273400,	73.390100,	23.155200,	36.310800,	11.972600,	-2.322160,	104.634000,	139.455000,	-23.493600,	27.995300,	75.160500,	75.160500,	74.958800,	-19.128900,	-18.697800,	-5.697170
-76.716500,	16.685500,	28.318500,	-121.702000,	46.880600,	-38.852600,	-37.078600,	3.851660,	-33.354700,	-1.685720,	56.430800,	56.430800,	-137.177000,	-150.184000,	-10.553900,	-26.054600,	-26.054600,	-333.105000,	-333.105000,	-38.914300,	-75.364800,	-55.482800,	-53.577000,	-35.256100,	-21.343100,	-63.115400,	-107.021000,	58.246600,	-28.963200,	-189.234000,	-52.542000,	-9.893740,	67.727900,	38.316800,	-8.614390,	-25.906900,	-25.906900,	26.774100,	-105.774000,	-39.668100,	23.776500,	84.347100,	-47.952000,	-22.258500,	37.542400,	37.542400,	10.793700,	-10.781700,	-10.781700,	-103.259000,	-66.969900,	-48.375200,	-1.092380,	-66.079600,	-81.501600,	-135.305000,	-141.248000,	-43.037000,	16.895800,	-30.121300,	-38.892800,	-153.735000,	-30.024100,	-143.516000,	-123.740000,	0.561444,	-127.472000,	-17.549600,	-87.515500,	-45.198300,	-66.125700,	-119.808000,	-87.483500,	-69.898600,	-64.880900,	-36.736300,	11.736600,	-107.045000,	-48.684700,	-32.814500,	91.792000,	20.250000,	-8.158020,	-65.489200,	-68.106700,	-6.923020,	-41.373200,	-22.645900,	17.569100,	-92.071000,	-23.986400,	-23.986400,	-23.986400,	36.825900,	13.146700,	13.529200,	9.109650,	-63.119300,	9.615620,	-15.729200,	-7.367950,	64.151800,	23.426100,	-121.011000,	-31.856300,	16.346400,	16.346400,	20.403700,	-38.332800,	-39.383200,	-47.201300
-142.442000,	-85.989400,	-29.594700,	-156.662000,	24.143400,	-61.360400,	-63.509100,	-8.706330,	-58.497500,	1.866090,	23.279100,	23.279100,	-171.637000,	-134.421000,	-59.348400,	-73.173800,	-73.173800,	-316.619000,	-316.619000,	-72.969600,	-145.637000,	-113.897000,	-72.920800,	-49.810900,	-51.003300,	-66.361400,	-156.609000,	0.467656,	-81.238300,	-183.013000,	-79.363300,	-27.100200,	-23.817100,	14.107800,	-62.192000,	-22.097500,	-22.097500,	6.831130,	-107.934000,	-41.581300,	-2.064060,	-24.356800,	-42.332700,	-20.933900,	17.854900,	17.854900,	-10.865000,	-19.940000,	-19.940000,	-155.960000,	-74.557100,	-111.810000,	-11.751200,	-85.801800,	-82.209100,	-134.062000,	-157.908000,	-74.796500,	10.156700,	-47.182600,	-36.796700,	-191.614000,	-84.148700,	-177.832000,	-130.609000,	-3.159440,	-207.874000,	-57.343000,	-124.243000,	-54.467600,	-70.657300,	-100.767000,	-98.437300,	-97.018100,	-84.938000,	-58.779200,	-58.718100,	-80.803100,	-75.799500,	-41.148100,	-37.676400,	-24.810800,	-42.454400,	-91.745400,	-71.675400,	-1.205620,	-71.582000,	-40.442800,	13.695000,	-168.098000,	-93.897400,	-93.897400,	-93.897400,	17.600700,	-8.689350,	-11.745600,	-18.883000,	-116.316000,	-29.355500,	-60.577100,	-48.503000,	9.696030,	-76.924700,	-172.011000,	-46.252800,	-4.485940,	-4.485940,	-7.525690,	-36.877700,	-46.364500,	-83.583900
-147.178000,	-129.346000,	-33.381700,	-157.627000,	24.999500,	-45.753900,	-63.531100,	-12.079200,	-61.996000,	7.912180,	9.703950,	9.703950,	-146.925000,	-108.001000,	-60.891100,	-80.546500,	-80.546500,	-314.448000,	-314.448000,	-63.992600,	-152.984000,	-112.417000,	-76.211800,	-43.166700,	-57.166100,	-55.858200,	-130.811000,	-15.090200,	-71.435500,	-159.242000,	-66.927500,	-23.667200,	-85.133600,	-0.862091,	-56.771400,	-18.410100,	-18.410100,	-6.424990,	-81.958700,	-44.749200,	-12.828400,	-86.969900,	-39.517300,	11.664800,	1.868240,	1.868240,	-18.753500,	-11.738100,	-11.738100,	-118.315000,	-71.510800,	-114.377000,	-8.718760,	-74.921600,	-71.270900,	-96.044400,	-145.402000,	-88.114100,	9.900100,	-49.409400,	-24.044300,	-191.154000,	-95.496500,	-187.200000,	-125.156000,	-4.327250,	-224.578000,	-73.680100,	-132.412000,	-51.613800,	-60.776500,	-73.196200,	-86.592700,	-101.496000,	-60.973900,	-68.831100,	-64.999500,	-51.326900,	-60.454100,	-24.296600,	-124.361000,	-46.885600,	-42.675600,	-87.467200,	-53.984600,	10.277600,	-75.401900,	-39.032100,	14.347200,	-165.864000,	-109.132000,	-109.132000,	-109.132000,	10.358200,	-18.938400,	-47.904500,	-21.308300,	-84.460700,	-42.931000,	-72.393300,	-69.053200,	-24.678700,	-107.337000,	-152.781000,	-22.890700,	6.474550,	6.474550,	-7.166070,	-19.936500,	-43.359000,	-88.208000
-95.081500,	-115.272000,	2.159620,	-122.425000,	33.271900,	-10.655600,	-41.167600,	-6.852650,	-47.618300,	9.892090,	1.370360,	1.370360,	-106.629000,	-81.727200,	-22.628000,	-54.040800,	-54.040800,	-291.985000,	-291.985000,	-36.272100,	-102.552000,	-77.942600,	-62.781400,	-37.797200,	-32.350700,	-33.524200,	-59.985700,	6.691060,	-29.149600,	-126.374000,	-35.719400,	-13.479900,	-110.246000,	-9.771400,	-17.313400,	-15.191700,	-15.191700,	-9.194010,	-43.334700,	-39.630500,	-9.559350,	-79.320000,	-29.327100,	51.180800,	-16.339100,	-16.339100,	-27.296400,	-6.041980,	-6.041980,	-19.006100,	-41.939600,	-52.568800,	-1.124450,	-41.203000,	-45.561400,	-37.920000,	-91.717100,	-80.249200,	6.746130,	-52.769000,	-15.798400,	-169.473000,	-75.301000,	-160.732000,	-112.684000,	-2.685450,	-166.293000,	-72.619000,	-104.488000,	-41.201100,	-42.378200,	-44.306500,	-59.242400,	-72.147500,	-10.868900,	-62.764500,	-34.489600,	-21.575200,	-27.790500,	-8.018490,	-142.729000,	-50.695200,	-27.976300,	-59.749300,	-32.708700,	23.763900,	-49.798600,	-20.985000,	20.798500,	-108.675000,	-70.889400,	-70.889400,	-70.889400,	1.806740,	-22.521500,	-79.516600,	-27.379500,	0.929569,	-30.407300,	-52.059900,	-48.175700,	-39.775700,	-77.862800,	-88.958300,	7.034840,	19.533000,	19.533000,	6.935150,	-1.291610,	-32.989000,	-65.639300
-48.992400,	-78.750800,	38.131700,	-70.700100,	36.045100,	18.463000,	-13.061500,	-0.632957,	-33.544500,	10.259100,	-10.222300,	-10.222300,	-74.880400,	-64.576800,	29.089100,	-20.374000,	-20.374000,	-250.895000,	-250.895000,	-7.780500,	-42.510500,	-51.911800,	-37.045500,	-45.304500,	-12.719100,	-13.039900,	-18.514700,	38.455500,	-3.203310,	-90.500300,	-15.392100,	-5.808760,	-114.895000,	-18.519900,	-3.923880,	-7.191560,	-7.191560,	-10.055000,	-29.240900,	-30.360400,	-3.858350,	-60.782300,	-19.489700,	81.683800,	-32.127300,	-32.127300,	-37.055000,	-4.261730,	-4.261730,	44.901800,	-18.974000,	29.689300,	6.259230,	-1.823590,	-9.861530,	17.970900,	-14.019800,	-61.365900,	3.477350,	-52.323700,	-10.695000,	-138.205000,	-43.531200,	-108.266000,	-96.582000,	-0.121861,	-77.175300,	-65.215500,	-63.553200,	-34.213100,	-19.017800,	-14.856200,	-42.518100,	-37.280600,	25.568600,	-42.683100,	-13.205000,	6.724860,	-3.483590,	-3.956600,	-114.330000,	-44.006100,	-25.908000,	-22.812200,	-16.777700,	33.549300,	-30.695800,	-0.166584,	27.176400,	-75.938900,	-36.546300,	-36.546300,	-36.546300,	-10.994500,	-25.123800,	-99.865900,	-43.851600,	54.903000,	-28.044300,	-35.773600,	-19.661300,	-51.231600,	-40.671300,	-17.330200,	23.868100,	19.175700,	19.175700,	19.661800,	10.525700,	-21.484700,	-47.542800
-41.267200,	-41.345100,	52.036000,	-17.947300,	32.874700,	39.116600,	11.688100,	7.519330,	-24.548000,	10.432500,	-16.170800,	-16.170800,	-45.603500,	-50.426400,	75.076300,	12.976200,	12.976200,	-206.651000,	-206.651000,	15.852300,	-7.422510,	-43.107800,	-4.275210,	-47.484900,	-30.605000,	-3.950040,	-36.352700,	60.028300,	-0.381814,	-58.334100,	-10.439900,	0.168139,	-104.610000,	-25.469700,	-31.548700,	5.175480,	5.175480,	-13.325200,	-49.831500,	-21.934300,	-2.127480,	-62.784100,	-16.611300,	97.361200,	-39.854700,	-39.854700,	-37.873600,	0.281990,	0.281990,	18.634900,	-31.235900,	95.069200,	12.966500,	31.649200,	29.502000,	63.717200,	62.598600,	-39.038300,	6.750000,	-39.812200,	-1.089530,	-97.362800,	-12.761500,	-42.336500,	-78.679900,	1.560220,	2.569310,	-58.654300,	-29.943400,	-28.545100,	9.201150,	13.736200,	-38.215000,	-23.111500,	29.126800,	-17.417600,	-10.793900,	28.997400,	13.397900,	-5.734140,	-69.997100,	-29.240000,	-37.632100,	12.197100,	-4.862470,	33.847900,	-40.912300,	12.383900,	27.325600,	-92.593600,	-36.982200,	-36.982200,	-36.982200,	-25.014900,	-30.670300,	-106.092000,	-57.479900,	34.368600,	-53.676700,	-33.954800,	-16.399000,	-59.616800,	-22.289800,	39.865900,	28.612000,	11.758900,	11.758900,	25.768100,	16.121700,	-13.101900,	-46.225700
-42.270600,	-2.133240,	49.536400,	30.617600,	27.537900,	61.750000,	36.063500,	26.838300,	-10.707400,	7.328490,	-9.766020,	-9.766020,	-10.854400,	-29.169800,	107.292000,	53.294400,	53.294400,	-163.880000,	-163.880000,	40.332400,	10.400200,	-32.560800,	28.520500,	-24.759800,	-65.633200,	-2.931290,	-78.346300,	64.635200,	9.013630,	-35.030900,	0.194229,	8.340300,	-77.313100,	-23.299100,	-54.287400,	12.106000,	12.106000,	-17.254600,	-73.856800,	-17.313500,	-2.056110,	-50.874400,	-13.835800,	96.490500,	-39.089000,	-39.089000,	-24.841000,	6.497880,	6.497880,	-55.238900,	-58.190300,	137.886000,	20.965300,	54.978600,	66.412100,	101.198000,	126.216000,	-11.666900,	11.747200,	-22.637700,	12.106100,	-50.562600,	10.718300,	30.146500,	-62.486300,	2.714210,	69.838300,	-47.395600,	3.516470,	-14.761100,	37.236000,	38.226500,	-22.287700,	-20.780400,	14.090800,	-0.704259,	-4.336860,	37.254200,	34.963600,	-1.770990,	-20.723900,	-5.156050,	-39.947700,	35.719000,	2.046030,	19.603500,	-63.115300,	16.850600,	22.195500,	-108.644000,	-47.290000,	-47.290000,	-47.290000,	-34.767800,	-34.626000,	-104.256000,	-58.128100,	-24.324200,	-84.344000,	-26.180100,	-25.625500,	-50.957800,	-9.842810,	70.945400,	33.607400,	14.638500,	14.638500,	25.622300,	16.756600,	-7.058010,	-42.342700
-16.029200,	27.447100,	40.636600,	65.903600,	22.745700,	78.607600,	57.828900,	51.060000,	12.739600,	4.021010,	1.473270,	1.473270,	16.359600,	-6.790640,	119.333000,	93.190300,	93.190300,	-128.327000,	-128.327000,	67.387000,	27.906200,	-4.428980,	49.752800,	11.138200,	-73.502000,	1.513940,	-97.339900,	60.307700,	38.911200,	-22.135900,	22.765500,	16.849400,	-40.213600,	-9.997430,	-39.542100,	10.654700,	10.654700,	-15.102700,	-61.832200,	-16.342800,	5.123160,	5.786840,	3.838030,	79.758100,	-33.403700,	-33.403700,	-4.994570,	7.620780,	7.620780,	-97.058800,	-59.944200,	158.763000,	30.202000,	64.153200,	92.284400,	124.972000,	168.009000,	19.917000,	12.071100,	-11.592400,	20.636800,	-10.196800,	22.404400,	93.213000,	-50.248400,	4.004250,	119.955000,	-22.056200,	47.461600,	5.099680,	54.836300,	50.897200,	13.577000,	-5.723880,	3.149370,	6.019650,	19.249100,	31.351800,	57.057500,	9.065030,	24.814400,	21.426200,	-22.353700,	42.028700,	3.177400,	-3.149920,	-60.097000,	20.338300,	19.456100,	-77.485800,	-31.524600,	-31.524600,	-31.524600,	-34.308300,	-32.261600,	-98.670300,	-52.870300,	-59.710000,	-88.378100,	-0.292490,	-14.240900,	-25.135300,	3.940350,	61.654600,	39.259700,	25.534900,	25.534900,	16.265300,	12.954200,	-1.692670,	-17.909700
35.021700,	25.613800,	26.580500,	75.486600,	18.710500,	74.549800,	67.058700,	58.796400,	38.313500,	4.672920,	7.291920,	7.291920,	18.950000,	5.213880,	102.576000,	106.522000,	106.522000,	-105.599000,	-105.599000,	87.216300,	46.764300,	39.417700,	48.149700,	30.228000,	-36.096100,	18.412000,	-74.975100,	62.937700,	69.447200,	-18.932600,	38.571000,	21.554100,	-4.896860,	8.969400,	-1.693660,	6.483360,	6.483360,	-5.511740,	-9.809620,	-15.577800,	21.573200,	85.103900,	40.090700,	49.255700,	-29.192700,	-29.192700,	5.478420,	0.779236,	0.779236,	-72.081200,	-19.929400,	148.857000,	33.166100,	59.454500,	100.417000,	127.086000,	174.874000,	47.341000,	8.371770,	-8.980710,	16.527400,	16.436500,	19.987600,	122.471000,	-41.155400,	4.440990,	130.718000,	14.087400,	90.146900,	21.709900,	58.753300,	42.765900,	52.409400,	33.666300,	6.545660,	14.894800,	48.144000,	18.241000,	61.669500,	16.631000,	53.571900,	40.484200,	4.130460,	31.205900,	3.627930,	-22.500600,	-21.436100,	28.449600,	20.629700,	-11.152900,	15.018300,	15.018300,	15.018300,	-23.659300,	-29.110900,	-93.662700,	-55.045500,	-44.114500,	-59.408500,	33.582000,	28.460200,	0.439378,	9.044070,	18.621500,	34.445900,	26.639900,	26.639900,	-0.500025,	5.329340,	-3.056700,	21.000400
86.896100,	-2.658130,	11.749500,	59.629700,	14.459000,	52.281700,	58.317900,	43.751300,	52.483500,	5.774790,	5.461510,	5.461510,	5.119510,	10.991700,	61.747700,	81.885600,	81.885600,	-88.297600,	-88.297600,	90.158100,	67.012900,	74.028800,	24.711000,	21.771800,	23.263700,	46.296000,	-23.357500,	77.349800,	76.283300,	-21.313000,	32.733000,	21.282700,	24.356400,	25.508700,	29.182300,	3.893650,	3.893650,	5.891250,	49.468600,	-10.936900,	37.876100,	142.501000,	81.677500,	12.828500,	-28.055900,	-28.055900,	1.588440,	-10.881800,	-10.881800,	-7.236910,	41.826800,	113.971000,	24.673100,	46.678200,	90.498300,	112.383000,	148.721000,	60.052000,	5.192810,	-10.565400,	3.053620,	32.070500,	12.225500,	110.332000,	-35.618600,	3.237250,	100.164000,	42.548200,	104.837000,	30.526700,	51.053300,	18.295200,	79.767600,	88.473800,	21.608300,	31.077600,	60.561200,	6.001300,	42.738100,	13.003200,	68.016600,	46.673700,	27.227700,	12.996300,	7.210870,	-28.355900,	34.816500,	35.089400,	22.554700,	51.583300,	72.140100,	72.140100,	72.140100,	-11.436500,	-29.714400,	-73.945300,	-61.418500,	4.482720,	-10.708000,	63.104500,	81.305000,	14.346500,	9.580240,	-24.109100,	16.353900,	13.612300,	13.612300,	-8.447120,	-1.949330,	-11.848200,	58.088800
127.490000,	-24.429000,	4.207230,	34.872500,	8.217160,	32.901700,	39.119600,	24.779000,	51.664700,	1.523470,	-2.575380,	-2.575380,	-5.956300,	18.714000,	20.436900,	37.884200,	37.884200,	-66.906800,	-66.906800,	78.770700,	87.865700,	69.335600,	-4.517280,	-0.596396,	71.307500,	73.658800,	36.489800,	92.401500,	61.025500,	-24.883900,	16.681800,	16.959700,	41.624800,	35.533300,	49.058200,	3.099770,	3.099770,	13.485600,	86.073700,	0.000110,	45.304300,	161.083000,	111.100000,	-15.538700,	-29.290500,	-29.290500,	-11.573600,	-25.575500,	-25.575500,	57.032500,	94.444500,	81.637100,	8.207450,	35.734900,	70.040600,	94.207600,	118.134000,	58.147400,	2.611010,	-15.333500,	-8.397410,	34.213000,	11.192200,	73.006300,	-34.293800,	1.619900,	64.887700,	50.326100,	89.707300,	31.339000,	32.045300,	-3.941810,	98.261500,	140.893000,	43.633600,	44.270700,	52.398500,	-0.901693,	18.673900,	-0.269164,	73.376400,	43.266000,	46.467300,	0.514806,	11.023700,	-19.485100,	88.824100,	28.412900,	23.736300,	95.130800,	121.947000,	121.947000,	121.947000,	-10.147200,	-32.410900,	-29.585300,	-65.213100,	59.736400,	48.184100,	86.810000,	118.961000,	20.007400,	19.739400,	-33.370500,	-5.136290,	-3.300330,	-3.300330,	4.272260,	-4.027390,	-15.685400,	86.076300
160.454000,	-20.867500,	9.142170,	20.166000,	3.119780,	31.163700,	26.259800,	19.103000,	44.836000,	-5.126820,	-14.457200,	-14.457200,	-2.717890,	23.891400,	2.704150,	10.215600,	10.215600,	-41.009500,	-41.009500,	71.178500,	107.501000,	30.935800,	-17.496500,	-14.160300,	101.265000,	91.125400,	95.541500,	92.493100,	41.751700,	-25.413500,	12.452600,	10.958600,	41.453700,	42.593700,	74.305300,	4.848570,	4.848570,	16.111600,	98.771400,	13.912600,	48.670500,	162.093000,	128.655000,	-25.371100,	-28.118900,	-28.118900,	-24.188900,	-39.522800,	-39.522800,	116.443000,	129.483000,	77.560400,	-6.447280,	34.573800,	53.968800,	82.403500,	115.497000,	54.123700,	-2.875490,	-15.908100,	-11.640800,	19.103200,	16.120900,	37.483600,	-34.606700,	1.211720,	66.087100,	42.740400,	73.618800,	24.421900,	10.070500,	-8.815740,	115.527000,	180.441000,	75.459700,	42.880600,	37.401200,	-0.324012,	9.615880,	-12.880900,	67.911200,	39.246000,	66.911300,	-2.229490,	11.522200,	-7.998730,	131.804000,	7.668640,	24.773000,	123.542000,	161.178000,	161.178000,	161.178000,	-19.084200,	-30.745300,	17.931600,	-65.256400,	120.810000,	118.099000,	109.204000,	141.190000,	23.151400,	35.160900,	-14.919400,	-15.718600,	-13.455500,	-13.455500,	29.552600,	-2.052070,	-6.610650,	106.767000
181.773000,	-8.169110,	14.198900,	16.399600,	1.159280,	33.630000,	22.401100,	20.101900,	35.200300,	-6.399640,	-24.290400,	-24.290400,	17.286100,	19.638800,	14.920800,	18.018900,	18.018900,	-16.213800,	-16.213800,	73.956800,	118.485000,	-7.999500,	-8.540540,	-9.325350,	117.604000,	94.489300,	145.559000,	79.418400,	24.657700,	-20.696300,	17.204300,	3.980930,	29.259100,	47.924200,	100.999000,	11.234700,	11.234700,	18.361500,	99.080500,	24.877800,	56.957500,	166.005000,	141.207000,	-21.935300,	-19.710800,	-19.710800,	-27.617000,	-45.033500,	-45.033500,	172.788000,	152.068000,	84.775000,	-12.968600,	36.718500,	46.157700,	71.481300,	128.194000,	50.106800,	-8.205590,	-3.575460,	-9.703420,	-3.349660,	17.778400,	20.818400,	-29.077100,	1.927390,	98.604100,	26.485300,	68.207300,	11.450400,	-2.014500,	-0.640746,	124.144000,	197.906000,	108.526000,	31.822800,	24.373300,	6.758660,	10.849800,	-18.781600,	44.258700,	36.052800,	81.596000,	0.009849,	11.994200,	-5.080520,	157.017000,	-12.616500,	26.871100,	136.101000,	189.543000,	189.543000,	189.543000,	-25.368900,	-25.197900,	43.764600,	-60.037500,	177.469000,	184.322000,	124.230000,	154.380000,	24.272100,	35.851900,	-3.870580,	-16.042900,	-15.592500,	-15.592500,	44.558900,	-0.707546,	6.962460,	117.509000
168.660000,	-10.479800,	4.955380,	11.011000,	-3.411060,	19.713600,	15.065800,	13.537600,	17.153600,	-4.040690,	-27.309900,	-27.309900,	43.097700,	11.720200,	37.715100,	38.812000,	38.812000,	5.033590,	5.033590,	70.604600,	105.869000,	-22.748000,	9.299420,	2.882190,	113.838000,	78.417700,	166.611000,	63.348200,	3.667510,	-13.335500,	11.045300,	-4.513000,	13.167800,	43.052600,	107.107000,	16.343000,	16.343000,	16.779600,	89.516100,	27.799000,	62.376300,	159.163000,	137.545000,	-21.312400,	-7.346240,	-7.346240,	-24.401800,	-41.604000,	-41.604000,	196.818000,	160.828000,	63.042200,	-15.314800,	28.747300,	33.812700,	52.256600,	115.591000,	35.122100,	-12.846100,	13.596600,	-7.778180,	-12.597500,	13.082400,	18.598200,	-14.919900,	2.412340,	116.133000,	7.055410,	55.640400,	-0.466865,	-1.942200,	6.064660,	104.805000,	173.745000,	114.666000,	22.193300,	9.006320,	12.043500,	4.257650,	-21.134800,	2.448900,	26.594200,	76.059600,	1.269190,	14.533700,	-12.493800,	149.018000,	-17.900500,	23.402300,	119.047000,	194.531000,	194.531000,	194.531000,	-21.274400,	-19.407000,	33.616600,	-49.986500,	190.132000,	214.174000,	117.227000,	146.418000,	20.934800,	13.310800,	-14.944400,	-14.161200,	-12.605500,	-12.605500,	36.374500,	-4.309330,	12.229200,	105.857000
110.839000,	-26.073800,	-12.376300,	-1.150170,	-12.476500,	-8.984650,	-3.421720,	1.326210,	-7.653690,	-2.600480,	-26.068900,	-26.068900,	57.065300,	8.835540,	45.732400,	35.111500,	35.111500,	22.376200,	22.376200,	48.212900,	68.464000,	-13.174500,	16.734500,	7.348690,	82.186100,	39.843900,	149.453000,	56.019800,	-13.634300,	-9.646370,	-5.670050,	-11.710800,	-1.221410,	23.577800,	83.772000,	13.949200,	13.949200,	8.463190,	70.244700,	23.789300,	53.129900,	122.425000,	100.766000,	-26.677700,	3.506250,	3.506250,	-19.702200,	-34.458500,	-34.458500,	168.227000,	144.917000,	11.349400,	-17.665000,	8.597830,	7.490490,	30.769600,	67.089300,	7.607090,	-16.962300,	18.573400,	-5.969120,	-1.029510,	9.158130,	14.537700,	1.517120,	2.108090,	89.405300,	-6.519290,	24.412600,	-6.132960,	-0.245251,	7.890980,	51.954100,	100.057000,	83.364000,	16.383500,	-7.529470,	9.455530,	-11.258400,	-21.328100,	-37.271000,	7.873240,	46.697400,	4.608230,	13.589900,	-18.316300,	108.351000,	-10.659300,	12.177200,	75.741100,	160.816000,	160.816000,	160.816000,	-9.735130,	-10.767800,	6.490740,	-39.824700,	144.597000,	195.654000,	84.321300,	103.186000,	16.096000,	-14.189000,	-32.027300,	-12.557600,	-7.471270,	-7.471270,	16.001000,	-10.926000,	5.011050,	68.633700
35.298500,	-36.496600,	-24.879500,	-10.816800,	-21.836400,	-30.704200,	-23.437300,	-6.492510,	-24.619700,	1.174240,	-25.072500,	-25.072500,	47.742800,	9.157850,	31.884900,	-0.268867,	-0.268867,	39.379300,	39.379300,	13.336600,	25.092100,	6.913150,	10.917500,	-0.384164,	33.102400,	-9.167980,	112.743000,	57.686000,	-8.808290,	-14.161100,	-15.265100,	-15.255700,	-9.689450,	-1.283940,	42.760700,	4.740300,	4.740300,	-0.835736,	49.539000,	18.473100,	31.810900,	63.067400,	42.602500,	-30.184400,	7.387110,	7.387110,	-15.465600,	-27.405500,	-27.405500,	107.398000,	101.399000,	-32.013500,	-20.509100,	-7.942080,	-20.438500,	16.480700,	12.523600,	-14.224200,	-18.705400,	10.167300,	-4.749770,	16.924800,	11.077500,	-3.458460,	10.627400,	1.548100,	39.422100,	-5.226020,	-7.286180,	-5.959960,	-0.493149,	8.551770,	-8.585960,	11.133700,	32.081900,	11.935900,	-8.046730,	2.560450,	-18.713800,	-16.780400,	-58.806600,	-14.297300,	4.541330,	10.128200,	4.138480,	-13.882600,	62.480700,	-4.107860,	-0.212247,	28.499700,	96.462000,	96.462000,	96.462000,	-0.269949,	1.324900,	-14.527300,	-37.793100,	74.379600,	152.948000,	39.337100,	37.153300,	15.488700,	-29.444200,	-35.851900,	-12.747100,	-5.621360,	-5.621360,	-1.031410,	-16.029200,	-11.654800,	22.866300
-12.194600,	-31.537500,	-25.251700,	-7.690400,	-24.140300,	-33.467400,	-29.555100,	-8.405250,	-23.195700,	10.599300,	-20.614600,	-20.614600,	25.268400,	5.315710,	12.282500,	-30.487800,	-30.487800,	53.036900,	53.036900,	-14.973700,	-1.930000,	22.224200,	4.012090,	-7.848590,	-2.041800,	-41.998000,	81.034500,	55.162700,	6.015000,	-20.911600,	-10.750600,	-13.813600,	-8.505780,	-16.909800,	0.309013,	-5.428360,	-5.428360,	-2.445650,	37.338500,	12.533600,	12.328000,	11.659100,	-1.585260,	-25.072000,	6.733740,	6.733740,	-6.408070,	-17.456000,	-17.456000,	52.901200,	50.889400,	-35.712100,	-19.363800,	-11.026100,	-30.977300,	10.107200,	-19.079200,	-16.841700,	-14.098300,	2.313030,	-4.042350,	26.243400,	15.331200,	-21.968000,	8.697380,	0.816124,	8.094090,	3.552310,	-14.802800,	-1.235100,	5.412780,	9.705290,	-37.754200,	-37.450400,	-12.871100,	8.150300,	8.794070,	1.861920,	-11.807100,	-6.307050,	-60.819600,	-30.084000,	-31.606600,	12.547300,	-8.534550,	-1.705450,	34.819500,	-3.397930,	-7.199200,	0.953376,	35.966000,	35.966000,	35.966000,	4.291250,	11.001500,	-17.403700,	-34.058600,	20.170200,	116.664000,	5.557570,	-13.237600,	17.267700,	-30.533400,	-24.837900,	-14.639800,	-9.780360,	-9.780360,	-9.274390,	-14.973400,	-25.276600,	-5.866130
-15.097600,	-7.144430,	-15.848300,	2.004610,	-17.725700,	-29.288800,	-22.832100,	-12.520400,	-10.508300,	17.968400,	-4.249300,	-4.249300,	6.266340,	-4.077850,	3.173070,	-20.572900,	-20.572900,	54.218700,	54.218700,	-29.831400,	-8.613690,	18.406000,	0.231711,	-3.681050,	-6.435960,	-45.930200,	59.335900,	40.802800,	-6.402310,	-15.646700,	-9.731160,	-8.939870,	4.942770,	-19.269800,	-37.789300,	-11.913600,	-11.913600,	5.400440,	32.540500,	6.071510,	2.497440,	-7.739460,	-16.123400,	-17.178600,	5.853880,	5.853880,	7.574960,	-3.876770,	-3.876770,	11.091500,	19.591800,	-14.713400,	-11.713100,	-11.293400,	-25.613600,	-3.762320,	-35.842400,	-11.081100,	-3.200800,	1.737800,	-0.949386,	21.828600,	16.948700,	-21.133000,	0.156902,	-0.227082,	8.805560,	0.884024,	-0.057696,	3.926740,	13.875200,	7.260810,	-28.675400,	-30.306300,	-43.052200,	6.272980,	16.553100,	12.909700,	-4.134080,	4.248590,	-47.506700,	-33.959500,	-51.609900,	10.367200,	-14.450500,	12.015700,	21.001000,	-2.244130,	-9.060540,	0.418534,	4.567900,	4.567900,	4.567900,	3.779620,	10.285300,	6.250580,	-16.105700,	-19.575800,	88.231100,	-3.115150,	-24.191100,	13.701100,	-19.743200,	-4.892280,	-16.809400,	-16.550800,	-16.550800,	-13.641100,	-6.453930,	-18.079700,	-9.587710
-7.554060,	32.212400,	-9.853680,	0.827541,	-11.009000,	-35.317600,	-16.968100,	-21.045600,	-4.731970,	13.690100,	19.013500,	19.013500,	-8.265300,	-15.622600,	0.083626,	13.370200,	13.370200,	42.802000,	42.802000,	-33.876400,	-14.708800,	-6.306430,	-5.533520,	6.627210,	1.907610,	-36.831900,	29.762600,	15.862200,	-58.467700,	10.127300,	-24.986700,	-3.283050,	25.774300,	-16.384700,	-67.404800,	-10.652500,	-10.652500,	14.253900,	23.415800,	0.900032,	-3.915630,	-8.053420,	-22.097700,	-15.182000,	6.246630,	6.246630,	18.682700,	9.326250,	9.326250,	-35.898300,	5.722120,	-9.008350,	-0.887078,	-23.229400,	-23.072000,	-36.851700,	-61.861500,	-16.338200,	5.132290,	1.536410,	7.103330,	5.273000,	14.273100,	-8.857420,	-5.257580,	-1.027430,	12.361000,	-15.636100,	12.899800,	0.615487,	5.862110,	-0.742765,	-17.985400,	-12.980300,	-64.820400,	6.403320,	-11.375200,	28.289200,	-10.831100,	11.517500,	-12.050600,	-25.842000,	-56.961400,	6.274840,	-8.495650,	23.706900,	-4.073650,	3.325360,	-9.057930,	8.348920,	-16.379400,	-16.379400,	-16.379400,	1.555820,	2.948650,	41.973700,	10.554300,	-64.096600,	38.022700,	-2.218210,	-15.109300,	-1.122590,	-6.298610,	19.535700,	-15.923000,	-21.292400,	-21.292400,	-20.880300,	4.648410,	14.562300,	-8.404250
-31.812700,	62.425600,	-16.039400,	-19.080200,	-9.473030,	-51.260700,	-21.676300,	-28.405500,	-13.417500,	5.179890,	33.353300,	33.353300,	-21.980800,	-24.995600,	-14.926900,	22.807600,	22.807600,	23.969500,	23.969500,	-31.573900,	-37.554000,	-39.227500,	-16.364300,	7.731930,	-9.424600,	-34.536500,	-21.489900,	-13.250600,	-113.974000,	42.118200,	-47.961900,	0.767883,	37.065800,	-15.966700,	-89.030300,	0.549938,	0.549938,	15.958200,	1.775920,	-2.717520,	-15.555600,	-27.923100,	-42.061500,	-15.227200,	7.107280,	7.107280,	19.593300,	17.326000,	17.326000,	-94.571900,	-19.466700,	-38.158200,	7.080970,	-42.760400,	-31.921700,	-77.907200,	-98.008400,	-35.578100,	9.313880,	2.051110,	16.480800,	-15.088300,	8.507290,	-11.693400,	-1.139990,	-1.142000,	-15.133500,	-29.455500,	-0.577903,	-17.231000,	-24.402100,	-8.635770,	-37.055800,	-33.428400,	-78.166200,	6.269180,	-65.405200,	35.791100,	-30.389400,	15.889500,	38.547000,	-11.941300,	-55.900400,	3.138990,	3.972470,	33.322300,	-45.433400,	5.698920,	-7.583770,	-3.327590,	-60.010600,	-60.010600,	-60.010600,	3.817240,	0.848971,	66.554700,	29.298100,	-115.088000,	-49.787900,	-20.305400,	-24.452400,	-23.670100,	-5.005710,	32.346900,	-13.003500,	-23.043500,	-23.043500,	-30.326500,	12.770300,	49.749600,	-23.969000
-81.458900,	57.130300,	-25.120100,	-39.682100,	-10.822500,	-54.996900,	-29.002700,	-27.801700,	-22.309600,	2.562000,	29.847600,	29.847600,	-28.681300,	-24.138000,	-44.414300,	-10.689100,	-10.689100,	6.194900,	6.194900,	-29.351800,	-65.938800,	-55.466300,	-24.223900,	-3.116990,	-41.947200,	-36.839800,	-76.808700,	-54.011200,	-115.389000,	56.992300,	-54.467100,	1.354880,	25.056200,	-16.271100,	-92.422200,	11.005100,	11.005100,	6.205570,	-27.732000,	-5.190990,	-31.548400,	-77.204500,	-68.885100,	-8.802260,	5.431690,	5.431690,	10.722700,	18.499500,	18.499500,	-134.316000,	-65.514200,	-81.404700,	6.924160,	-49.481700,	-40.436200,	-101.333000,	-118.053000,	-46.842600,	12.570900,	9.370600,	16.971200,	-23.769700,	-0.543017,	-34.547000,	10.292900,	-1.228520,	-65.379800,	-25.203600,	-35.635900,	-35.652500,	-51.000900,	-11.645600,	-69.129800,	-81.554200,	-71.303100,	-0.503315,	-94.276200,	26.976700,	-42.593300,	14.640700,	65.973300,	0.781277,	-46.616700,	-1.851110,	11.652100,	32.128400,	-77.955900,	-1.456660,	-7.200700,	-38.281300,	-116.116000,	-116.116000,	-116.116000,	9.626520,	6.246420,	58.118100,	35.152800,	-139.394000,	-140.603000,	-57.104300,	-58.643800,	-36.741700,	-14.042600,	23.724800,	-9.097460,	-17.996500,	-17.996500,	-32.424100,	14.495800,	56.519000,	-51.001300
-112.177000,	19.673400,	-18.620500,	-34.618200,	-6.416850,	-30.995700,	-24.260700,	-17.279400,	-17.780800,	1.972730,	15.687100,	15.687100,	-18.570400,	-8.807990,	-65.002000,	-51.019000,	-51.019000,	-0.789824,	-0.789824,	-32.242400,	-76.020900,	-36.060200,	-20.100900,	-9.032980,	-66.690500,	-30.465700,	-107.062000,	-101.129000,	-46.974300,	50.053200,	-26.366700,	0.358774,	-0.737283,	-12.400000,	-60.184300,	10.711400,	10.711400,	-9.114300,	-54.615500,	-6.369900,	-43.138400,	-121.204000,	-80.225500,	4.235750,	4.372120,	4.372120,	3.726160,	17.578000,	17.578000,	-118.661000,	-108.332000,	-96.118200,	2.488590,	-33.201700,	-36.443900,	-88.569800,	-105.995000,	-32.293800,	14.818100,	19.123300,	6.117210,	-12.140200,	-10.303300,	-47.495600,	22.997500,	-1.757280,	-102.201000,	-6.447580,	-63.649400,	-30.000800,	-45.035200,	-9.128200,	-75.375200,	-108.635000,	-40.856100,	-15.753300,	-62.956900,	6.952960,	-30.468000,	8.354120,	45.562300,	7.739060,	-21.162900,	-8.656790,	9.755300,	15.605500,	-82.836500,	-10.955600,	-10.106700,	-70.441200,	-141.041000,	-141.041000,	-141.041000,	15.564000,	14.516400,	23.637000,	42.431700,	-104.939000,	-181.500000,	-84.640300,	-88.885200,	-27.403200,	-13.161500,	6.547350,	-1.114650,	-1.621470,	-1.621470,	-20.881100,	11.068000,	28.459800,	-67.086200
-102.898000,	-19.171700,	3.411700,	-4.946850,	4.312860,	9.330420,	-8.131320,	-2.692200,	-3.901490,	-3.287230,	2.745870,	2.745870,	0.635776,	12.502800,	-60.857800,	-61.099800,	-61.099800,	2.717470,	2.717470,	-41.624700,	-63.619200,	5.949510,	-5.929260,	-1.555050,	-66.349600,	-16.127400,	-110.206000,	-126.915000,	46.881000,	34.727600,	21.239100,	0.098162,	-21.424100,	-7.371770,	-3.451790,	1.405160,	1.405160,	-19.806200,	-73.172300,	-5.740250,	-46.902400,	-129.491000,	-71.780300,	12.815200,	5.581240,	5.581240,	3.373460,	18.340200,	18.340200,	-66.211900,	-124.387000,	-66.880100,	0.111216,	-4.803670,	-22.611600,	-46.456900,	-72.266100,	-2.395210,	11.235100,	17.048400,	-6.401190,	7.214140,	-16.975600,	-30.536700,	30.990600,	-2.372180,	-105.224000,	11.875900,	-63.972600,	0.260936,	-12.851700,	-4.686760,	-49.230500,	-94.426100,	-10.813800,	-30.743700,	7.454600,	-11.088000,	1.567730,	0.670340,	-6.408290,	5.992090,	10.879700,	-12.777300,	2.642420,	-7.185770,	-71.408400,	-12.726500,	-14.634100,	-77.252300,	-120.303000,	-120.303000,	-120.303000,	16.438800,	18.087500,	-12.146500,	53.744000,	-38.543800,	-164.031000,	-85.932900,	-93.206000,	-5.734880,	4.000930,	-2.351080,	10.257500,	17.759500,	17.759500,	-4.008120,	5.545960,	-8.779310,	-63.647000
-72.681500,	-34.160900,	23.191300,	23.794300,	12.543400,	40.648700,	8.616990,	9.688660,	7.520350,	-10.886800,	-3.514530,	-3.514530,	14.499600,	26.676500,	-39.121200,	-42.400100,	-42.400100,	11.726800,	11.726800,	-45.524500,	-40.552700,	38.946600,	8.032480,	10.347400,	-47.791700,	-4.339460,	-98.457600,	-117.687000,	105.931000,	23.664300,	57.118500,	1.134710,	-29.112200,	-6.125490,	41.331500,	-7.889900,	-7.889900,	-23.915800,	-79.321600,	-5.121880,	-43.991300,	-104.548000,	-54.620600,	11.389400,	7.795070,	7.795070,	5.762990,	18.297500,	18.297500,	-24.647300,	-110.475000,	-20.383400,	1.494340,	17.634500,	-8.537280,	-2.848340,	-34.966200,	21.341400,	0.995155,	3.982710,	-11.382400,	18.084000,	-17.518100,	-1.046870,	30.541800,	-2.204700,	-80.588600,	22.355100,	-41.628800,	29.478300,	16.003000,	-1.096430,	-17.797400,	-60.858800,	0.092919,	-36.760600,	62.824200,	-18.964000,	30.594700,	-3.180990,	-47.457200,	-1.051620,	30.321900,	-13.328600,	-2.959650,	-23.757400,	-61.151000,	-7.754420,	-17.038000,	-64.069600,	-80.312000,	-80.312000,	-80.312000,	12.267600,	16.417700,	-35.304000,	57.080200,	8.456200,	-118.725000,	-67.694700,	-74.484800,	7.989810,	22.475200,	1.690900,	21.709800,	28.668300,	28.668300,	9.468610,	0.071337,	-29.214800,	-49.427400
-43.251500,	-27.308800,	28.428300,	33.114800,	14.830900,	47.191800,	16.429800,	14.984600,	10.463200,	-13.116400,	-4.773040,	-4.773040,	18.628400,	27.482500,	-17.177300,	-18.407300,	-18.407300,	17.200300,	17.200300,	-36.857700,	-20.073000,	46.516900,	13.888200,	15.951700,	-27.043700,	1.000900,	-75.639200,	-84.218800,	108.509000,	16.730600,	63.401400,	2.550140,	-25.293900,	-6.220930,	53.089500,	-10.423100,	-10.423100,	-20.941400,	-67.535700,	-4.818070,	-34.092700,	-67.323500,	-36.637000,	7.473120,	9.311690,	9.311690,	7.558910,	15.405200,	15.405200,	-6.845050,	-80.148200,	11.189400,	4.176610,	24.324700,	0.094891,	20.287000,	-7.906460,	28.093400,	-6.734490,	-6.903220,	-9.172010,	17.756800,	-12.795300,	17.351300,	23.369300,	-1.378220,	-48.568800,	23.257600,	-18.411100,	38.217800,	25.225600,	1.587040,	-1.033670,	-31.995000,	0.204536,	-31.491600,	73.598700,	-16.694600,	38.896200,	-2.358060,	-54.639800,	-5.821180,	31.440100,	-10.730200,	-4.224100,	-25.904700,	-49.363600,	-2.047920,	-14.616400,	-43.331100,	-45.325700,	-45.325700,	-45.325700,	8.121900,	13.774100,	-36.688200,	47.963500,	23.014500,	-72.203900,	-43.922900,	-48.143600,	9.579780,	29.030700,	7.481510,	25.572100,	27.521400,	27.521400,	14.863500,	-2.810480,	-28.978100,	-33.205100
-20.498100,	-16.183600,	23.698500,	28.858400,	12.445900,	38.252400,	16.015700,	13.887300,	8.850170,	-10.880000,	-4.002160,	-4.002160,	16.012300,	20.941500,	-3.086640,	-2.637500,	-2.637500,	16.050100,	16.050100,	-23.725000,	-6.361790,	38.197200,	13.102200,	14.770800,	-11.413000,	2.744800,	-48.173100,	-48.457800,	82.096400,	10.375700,	50.641300,	2.811470,	-17.212500,	-5.121960,	44.645100,	-8.766860,	-8.766860,	-14.542600,	-46.277600,	-3.776370,	-21.629300,	-34.501100,	-20.468200,	4.040270,	8.201450,	8.201450,	6.909900,	10.602800,	10.602800,	0.721960,	-47.761900,	22.690400,	4.838600,	21.046700,	3.755370,	25.364600,	5.981630,	23.977700,	-8.810670,	-10.518500,	-5.495390,	12.889000,	-7.340180,	21.576000,	14.501600,	-0.621956,	-22.555500,	18.122500,	-3.524830,	32.537000,	22.496300,	2.582910,	5.585860,	-12.207700,	-0.650095,	-21.401100,	59.184400,	-11.171000,	32.854700,	-0.929378,	-43.411100,	-6.668570,	23.785000,	-6.978850,	-3.500090,	-20.142000,	-33.477000,	1.194340,	-9.937580,	-23.823600,	-19.853500,	-19.853500,	-19.853500,	4.619630,	9.826680,	-27.525600,	32.603100,	22.198400,	-34.977000,	-23.046200,	-24.965600,	7.133360,	25.142700,	8.841770,	21.541400,	20.204000,	20.204000,	13.741700,	-3.371330,	-20.899500,	-18.499300
